1.760115643322911794e+01,8.026205839965216526e+00,-2.372870381468542789e+00,-3.842529428287276261e+01,-2.477253797237680999e+01,-1.050848974736010000e+01,1.884725359397479139e+01,-1.503582987857505238e+01,-1.585323702282968261e+00,1.268366760659247383e+01,-2.354793372118761496e+01,-9.443139105278184786e+00,-1.776925001121093572e+01,1
1.362133371178310703e+01,-6.438813213676565894e+00,-1.358734887236352229e+01,-1.522280788840300048e+01,-1.696200791205759728e+01,-5.017805197876591405e-01,1.663848069958234310e+00,-1.463703436528389901e+01,-9.067549079169985760e+00,-6.879250430937859484e+00,-6.160873388852726507e+00,-1.494563341048823979e+01,-4.802536428450165928e+00,1
1.809941793233888419e+01,5.374884305556633990e+00,-2.318685760579134936e+01,-2.297553085748680957e+01,-2.301663628272694240e+01,1.192800398466678846e+00,1.058548977512713130e+01,-1.117590606273978970e+01,-2.004505151727960399e+00,-3.652274784732325141e+00,-3.260398844257533235e-01,-2.404102417190928431e+00,-1.735407788531284012e+01,1
1.761738265920232749e+01,1.405988077548493997e+01,-1.527507854137963506e+01,-3.699337867562639559e+01,-3.562947807426566271e+01,7.826246485459448010e+00,-1.681296873442203221e+01,1.490171048562480038e+01,-1.121895927200851695e+01,-1.720147447359615711e+01,1.968614135834927481e+01,1.315288214065237493e-01,-1.219121490844303679e+01,1
2.050679451715681267e+01,1.127997779510137244e+00,-2.029002282892542652e+01,-2.964079601600116476e+01,-3.239441726224325890e+01,2.294114514771608526e+01,1.699095707573829728e+01,-2.554693804031849069e+01,2.059927347026269562e+00,-1.560223468834160343e+01,9.091235767422106706e-01,-1.795523366199525794e+00,-1.254211002141608056e+01,1
1.893659220657313469e+01,4.739954656443702063e+00,-1.673294172295717885e+01,-1.969547970764247324e+01,-3.161751789559119885e+01,-2.643069043604913126e-01,4.335172723319736576e+00,-1.734463472389499117e+01,-1.370092692424367709e+00,6.073927539556555288e+00,-9.511924106381835387e+00,4.522557879082523158e+00,-8.693648099384871486e+00,1
1.615928234134770491e+01,-1.551820890799098240e+00,-5.981490923197190668e+00,-1.670833517332760110e+01,-2.185110741608616181e+01,-3.694590392445399996e+00,1.689938243755338121e+01,-2.250480584897072589e+01,-2.513246384990609528e+01,1.987896463002546454e+01,-1.697550380635132683e+01,-5.740848190306529375e+00,-2.032683584519354270e+01,1
1.923761399842914699e+01,1.180247697374677074e+01,-1.264843819354652155e+01,-2.048020072343424047e+01,-2.264165121332566244e+01,-8.995809535247595079e+00,1.279280816773013862e+00,-2.290121044870438993e+01,-1.123958999947539183e+01,1.608133191186329114e+01,-1.531384889190758436e+00,-1.187227060385230182e+01,-2.339433993600963646e+01,1
1.917017660697235826e+01,1.202033648977655211e+01,-1.017419259976888846e+01,-2.852069560522006952e+01,-2.244490473326872504e+01,2.196722288073210905e+00,3.627715367272479341e+00,-1.232101187519328889e+01,-1.710909085180713873e+01,-7.802644080205081600e+00,-1.864584467212135976e+01,2.715076281431024974e+00,-2.360039494272404070e+01,1
1.572471428314283237e+01,2.087803075630282112e+00,-5.320202866621420057e+00,-2.973224967308281208e+01,-2.121540543315558480e+01,-6.928139449355845692e+00,4.725003213084296050e+00,2.990641634827016837e+00,-2.965011938748529019e+01,1.171759491697479838e+01,-1.841917787390375372e+00,-1.056931978582882969e+01,-1.234115227212775601e+01,1
1.696589650545726613e+01,2.865443962953895696e+00,-3.780677938611314293e+00,-9.683923589528493636e+00,-2.824256013226055373e+01,-4.512355098468630032e+00,-3.837769141324011812e+00,-1.491197420734244083e+01,-1.358466361237914732e+01,-1.389265622111799026e+01,-3.085274945106359024e+00,1.364312387534429183e+00,-1.120205437837655182e+01,1
1.865724971082439865e+01,1.484111787600157584e+01,-2.179821302862524846e+01,-1.678340206852370287e+01,-3.484170820666805923e+01,-1.330578112831669912e+01,1.892116639451135995e+01,4.015676012399277184e+00,-1.465509172771345625e+01,-5.836518147576337689e+00,-1.657394557338864871e+01,4.981813125928636232e+00,-1.469100131418547228e+01,1
1.896290730330425234e+01,8.747672175470908584e+00,-1.390868656706118500e+01,-4.595661853027490196e+01,-9.885124084106601927e+00,-2.247139956456557286e+00,5.323986178442305928e+00,-2.386213444911141934e+01,-8.669827218539499114e+00,2.012181698558913467e+01,-1.913724921548718427e+01,-1.647252675162953039e+00,-9.853688211553507159e+00,1
1.901268589884255533e+01,3.873153431256834978e+00,-1.195352030876591165e+01,-3.179619359054857952e+01,-2.459749607589936105e+01,1.280085581571428222e+01,8.610952296788574323e-01,-1.592963299217662154e+01,5.102043010176273263e+00,5.367039818382258964e+00,-1.308732968206517100e+01,-1.028807460459375100e+01,-2.805609956128745353e+01,1
1.710862900603286363e+01,1.243816674378135190e+01,-1.244885351255830308e+01,-2.389984369278130316e+01,-1.494347080924038451e+01,6.259963182603540233e+00,1.374370070806621591e+01,-3.085850236100197108e+01,8.507995649688888662e+00,-8.381315496020137701e+00,-1.477023395828076957e+01,-2.025527296163133428e+01,-1.132163072587434094e+01,1
1.379673255364486550e+01,-7.105621896509507707e+00,-7.153015714989823692e+00,-4.481440277443200948e+00,-4.079077458570101733e+00,-1.536672804274236981e+01,-6.365600430147449806e+00,-1.470469046801702895e+01,-1.148174169565256086e+01,-4.214069341833870830e+00,-8.674903341825569214e+00,-5.895650889738765166e+00,-6.741052267415105881e+00,1
1.800729646262181305e+01,1.894538730963062179e+01,-2.445035554862575466e+01,-1.169818791120131962e+01,-1.431213383378237758e+01,-6.494646464746711700e+00,-3.113002523146614298e+00,-3.271229715267840277e+01,6.277408977162728387e-01,-9.811651985524914465e+00,9.878475960711490700e+00,-9.500918517428601717e+00,-2.556459296167598438e+01,1
1.970039935947367482e+01,1.783147177818914297e+00,-3.097802039868432544e+01,-1.863765490959831439e+01,-2.730167371100584717e+01,2.793219711059167309e+01,3.535420484944901354e+00,-1.155130542737210853e+01,7.559375239407446045e+00,-2.208145614694307568e+01,-1.282029487190026629e+01,-9.222526681659660497e+00,6.557088524869247870e+00,1
1.621386177471025292e+01,1.092554515907336388e+01,-1.851581610734784533e+01,-2.358473716701613654e+01,-2.169259292684573737e+00,2.757375794108441802e+00,-9.353218266084185828e+00,3.966087955704219681e+00,-3.203090474208516270e+01,8.241598697490779557e+00,-1.546730415744806209e+01,-1.959461042806357156e+01,-1.994739873679205644e+01,1
1.696874535403811635e+01,1.284088898748879437e+01,-1.603581022083958274e+01,-5.095730522291793463e+00,-3.651843062979155263e+01,-8.151002195874996303e+00,1.357135814837693566e+01,-1.913164941962489607e+01,-1.093965728970441731e+01,-1.183514161615373439e+01,-1.578904471506901386e+00,-2.304871837201024576e+01,-8.801333175395457786e+00,1
2.023465377449070246e+01,-4.134805449421594226e+00,-1.578264388717741618e+01,-2.042625056040940734e+01,-3.001111527613342034e+01,-1.626808494741128897e+01,8.040634803871519409e+00,7.163055671712620587e+00,-2.253312042363469558e+01,1.946821358431203564e+01,6.843677560159350248e-01,-3.803763082190304790e+00,-2.762425691124717630e+01,1
1.868804009583990933e+01,-3.207553132174723598e-01,-2.714711575775863039e+01,-7.194706684164493105e+00,-2.064248198339384999e+01,5.265570805879591809e+00,-2.036490844569327407e+01,-7.316005826934306455e+00,-7.582160829197118979e+00,-1.755504371747924353e+01,5.797613337786920340e+00,-9.621805221917455242e+00,-1.225401356445027012e+01,1
1.478152534276975771e+01,-1.084054868407694272e+00,-1.026130065633561905e+01,-1.932873398146608679e+01,-6.428705033238285793e+00,-1.260919881866395187e+01,-6.772833871286069174e-01,-8.994942269649436994e+00,-2.340138372545487400e+01,-6.992962856163058127e+00,5.932752026026182346e-01,-1.517798951691788822e+01,-4.650602862706423757e+00,1
1.915909318204111145e+01,3.544659499297173610e+00,-1.902828908148424247e+01,-1.740599155779444729e+01,-4.349004739152780274e+01,1.526124246099761095e+01,-1.343263273845447303e+00,7.690389576600110466e+00,-6.454474729215596618e+00,4.088705141081825367e+00,-2.298769174179245667e+01,-6.234240096230973194e+00,-8.971454102443324530e+00,1
1.765006917933385822e+01,6.280425922345928669e+00,1.310961198185649046e+01,-1.282196635324465639e+01,-4.261516561697494865e+01,-6.962404362630190136e+00,-1.959374927481529127e+01,1.246523056302662358e+00,8.562562685324968115e-01,-1.930939812510549558e+01,-7.498923253492403851e-02,-1.015689792575119910e+01,-1.577881928834845837e+01,1
1.524834218242355810e+01,8.937402985289544688e+00,-1.584067504890964351e+01,-2.998033020058906484e+00,-1.862405773972439960e+01,-1.013269694898204065e+00,-9.268722442216356328e+00,-1.622430884605430990e+01,-7.291750995759089804e+00,7.349187040049100617e+00,-3.243680343212927397e+01,-1.710046712009448200e+01,-1.172501416329445156e+00,1
2.212094845170005186e+01,-1.656785225766304492e+01,1.642916939189120074e+00,-2.868472079337791314e+01,-4.202160766420764304e+01,-1.293132604304677180e+01,2.118142507957238863e+01,2.030115527232705119e+01,-2.591018412587670383e+01,1.469994855805452616e+01,-8.155845958170077736e+00,2.324594496324028370e+00,-2.336071497609129466e+01,1
1.667856967262648027e+01,6.295889231340272119e+00,-5.826971809490562926e+00,-2.283657929438179934e+01,-4.020707186779710440e+01,5.146355634935483536e+00,-1.167038934407490203e+01,1.545912896505089584e+01,-2.124111155593936573e+01,-1.021761164134418287e+01,-2.962517939508880982e+00,-1.646516990001644132e+01,-1.234641806336592396e+01,1
1.134574731956735150e+01,-1.807636036009164826e+01,-4.334344297247474387e+00,-5.882798746843437065e+00,-1.009618738186950715e+01,-6.144492681788237931e+00,-7.493804690728873119e+00,-1.193090896895490616e+01,-1.115415632325284712e+01,-1.145520188670056605e+01,-8.761700722155852716e+00,-5.778622425484789105e+00,-6.331340863058088964e+00,1
1.690660943735287702e+01,-3.278566734545064776e+01,5.184528217620176349e+00,-7.394718497327182227e+00,2.699983950841749802e+00,-3.768592621454593061e+00,-3.406965469327490226e+00,-9.494238495292863789e+00,-2.003453870508243284e+01,-1.074317781204281985e+01,-1.149425966534933607e+01,-6.100051043594928224e+00,-3.220162207916553943e+00,1
2.122930462177746946e+01,4.430093080219255519e+00,-3.582552584958838082e+01,-2.419207280009937122e+01,-7.735176475788321682e+00,8.891382465790005796e+00,-4.716897481757884592e+00,-1.855903859476149620e+01,-9.165183059691095480e+00,2.885906389487949042e+01,-1.588330350385347955e+01,-1.132015484769109825e+01,4.784734929332509767e-02,1
1.662185206222310541e+01,2.710301951111142138e+00,-6.471072678850628535e+00,-2.286405529266812664e+01,-2.614886705688367741e+01,3.460146999578090909e+00,-1.566010366882903959e+01,-1.256068346162766858e+01,-9.176087705272056638e+00,-7.032240539479931662e+00,-4.916815643628934751e+00,-8.519617469922749819e+00,-2.236588358462316251e+01,1
1.552985008651355692e+01,6.656299727478322659e+00,-1.003520554493877270e+01,-2.051737705770731068e+01,-2.722063619052461192e+01,-5.416187386812581828e+00,2.553623454983067020e+01,-9.954941905130175739e-01,-3.250258434189028378e+01,-1.083178738557454501e+01,-2.827850478921844513e+01,2.369667487797887162e+00,-5.039104353130801961e+00,1
1.880752617997278620e+01,2.101127487905809499e+00,-3.397468629968893339e+01,-1.377754005039936835e+01,-2.181350170254957632e+01,2.274107570203734241e+01,1.411049686285873017e+00,-2.774886264033342087e+01,-3.847433478654106453e-01,-1.474585113169563222e+01,-2.967546933022838473e+01,3.100839735827572330e+00,-1.532944750262997369e+00,1
1.739157018753104467e+01,1.088273524056445041e+01,-2.217137674923284507e+01,-3.343347506866713559e+01,-1.532380079258570404e+01,2.281580383916882226e+00,-6.146965125945024200e-01,-9.760146083710704579e-01,-1.327217335061702386e+01,-2.173692864128508262e+00,-9.372343792597584766e+00,-1.142768831594552381e+01,-1.293852512964208046e+01,1
1.998806486138882121e+01,5.503753819324515462e+00,-2.532810919350904300e+01,-2.865899649714886266e+01,-2.091041413470901489e+01,2.454377810106789681e+00,-5.755862160017179541e+00,1.837948612886733812e+01,-2.439525192285534771e+00,7.476911852778221901e-01,-2.488031825306236300e+01,1.437523932431079210e+01,-1.265362713409496465e+01,1
1.914951791483673915e+01,-5.884027896107308031e+00,-1.356310571188961056e+01,-1.428490899147261928e+01,-2.194340059533810106e+01,-9.590920560941656348e+00,5.483724956595447786e+00,-4.985981450017367145e+00,1.464801456378957090e+00,7.616713930666822563e+00,-2.544203491836313091e+01,-3.072576406250713710e+00,-4.594582889358698630e+00,1
1.856642138473098314e+01,1.014119300804401158e+00,-1.101412631029368683e+01,-3.771246796605126406e+01,1.056671463513749076e+00,-2.676969816765645938e+00,-1.039417876526646856e+00,-6.256671093562000685e+00,-2.938283288221427725e+01,-2.313343606238839723e+00,-8.784731497400249722e+00,-1.806692529508935863e+01,-1.051886037239508909e+01,1
1.783078241244028561e+01,3.080948880621817931e+00,-1.610842915483619464e+01,-4.774574288435180058e+00,-3.729151028018429770e+01,-1.326558505258779341e+01,-1.667334456133325560e+01,2.722995846902324502e+01,-4.234022010075375597e+00,-2.578935818530942470e+01,1.601375420230825952e+01,-9.595912143035400632e+00,-1.514081911242242739e+01,1
1.612574968289115773e+01,8.179429587208678853e+00,-2.818418589702001764e+00,-2.190479581399863562e+01,-3.152992906865194556e+01,-5.322706660768329101e+00,-1.326836171885233950e-01,8.605118536721072076e+00,-3.842629112610089948e+01,-5.175130832884766718e+00,-1.991888953140332541e+00,-6.473682029608922583e+00,-6.075022225455334990e+00,1
1.727234857452972605e+01,8.715450385106890963e+00,2.238423284305785188e+00,-3.180940306190420941e+01,-2.165025101159983834e+01,3.820090562143436230e+00,-2.927402481290560843e+01,2.901121386661589696e+00,-1.507928738006562952e+01,-1.100547788312271535e+01,1.434758970946518941e+00,-2.381076247206635443e+01,-6.032816602186149346e+00,1
1.680096702984629076e+01,2.688966149364868663e+00,-1.086920224447818484e+01,-1.651512726951592214e+01,-3.667134572802302728e+01,-3.593902253786325218e+00,5.127377421023082249e+00,-8.017395345947798901e+00,-1.659249473657389728e+01,-1.079633762143670239e+01,-4.380722139596289644e+00,6.329242744698024836e+00,-2.726089167027177140e+01,1
1.883490596710877796e+01,8.499023033498264823e+00,-5.848148289219515128e+00,-7.339460522912200524e+00,-7.212515415391833073e+01,5.588059005243374955e+00,1.070154526102045978e+01,-8.188289496760464914e+00,7.103582986623314000e+00,1.459371926990151058e+00,-9.349100776816953839e+00,-1.255573402951731410e+01,2.980992773370651605e+00,1
1.955941971144905978e+01,8.396896780850081399e+00,-2.094750478384811743e+01,-1.219089406475713133e+01,-3.907762278001796119e+01,8.099114505822466170e-02,-3.901840909800221024e-01,-2.903413568632896613e+01,1.278905920824078812e+01,-1.341372831256351006e+01,5.022685185572123956e+00,-1.735865172773529963e+01,-2.161069006150960092e+01,1
1.667937982373813099e+01,5.860677308571569988e+00,-2.001695620963310418e+01,-1.798441735387779161e+01,-1.847439592881073622e+01,1.633155534874487058e+00,1.593475899808215601e+01,-9.868414890639721548e+00,-2.052712472619072415e+01,1.121140823973683354e+01,-3.643592027957343049e+01,-1.016423140775032330e+01,-6.310902342313929658e+00,1
1.510090378775338138e+01,8.395048976740365765e-01,-5.634184521690765557e+00,-5.801680305661997217e+00,-3.460133350837609356e+01,-5.325524853848275342e+00,1.294368594583167464e+01,-1.742374266293890983e+01,7.955174035681193689e-02,-1.208698911365860695e+01,1.149482446801792612e+01,-1.846911124224624245e+01,-1.943999303121919198e+01,1
1.968252074974133592e+01,8.173806346088785091e+00,-2.810068552238954709e+01,-1.852822883811052179e+01,-3.671623151811144226e+01,6.499065218979420244e+00,1.130383006267350154e+01,-3.824204871747052703e+00,-8.540264075040067127e+00,-2.565713963929396968e+01,1.896780949686372608e+01,-7.699316065967688694e+00,-3.964431136311692860e+00,1
1.731435367472249354e+01,1.603144034826867426e+01,-2.226293715548120389e+00,-2.273739943104402883e+01,-3.759443211294749432e+01,-8.879751836131491771e+00,9.806726594489175497e+00,7.222287708104544457e-01,-2.907654578457668393e+00,-1.572363111691820059e+01,-9.033800388814103854e-01,-3.417147784798547860e+00,-1.428133427145716361e+01,1
1.666409143014327654e+01,7.187899847164874956e+00,-1.036509174310168113e+01,-2.450784008511761414e+01,-3.015634009386362990e+01,9.141244945437103198e+00,-1.069460393902109807e+01,-1.038004935628773850e+01,-5.086924114826770982e+00,-2.983966278920842097e+00,-6.108042122477423064e+00,-7.234968487043897944e+00,-2.457827245390615900e+01,1
1.812817558202483781e+01,4.639791054363615608e+00,2.074879930337716338e+00,-3.673960393807740132e+01,-3.438329917327389751e+01,8.275674123068957888e-01,-2.028315122138565130e+01,1.613595130412140222e+01,-1.469645881674712484e+01,1.782960892181668866e+00,7.273949517628852668e+00,-1.040424915029640074e+00,-2.426058858316849864e+01,1
1.044393583061026654e+01,-1.806473820816527720e+01,-5.856677559767276442e+00,-9.656741800142569332e+00,-1.052122855928801393e+01,-1.336970960175939105e+01,-1.392022816184158884e+01,-1.154596174388578866e+01,-5.865383856395262718e+00,2.272190979472093808e+00,-2.981368131123317777e+00,-4.689459151823724525e+00,-1.104191970403887346e+01,1
1.702818563217915582e+01,1.146788157218037263e+01,-4.308288201784937321e+00,-2.465069811527666133e+01,-1.868288047380066175e+01,-1.507468926344739124e+01,1.763448896480372952e+01,-2.547105750361750154e+01,-2.300971053478781769e+01,-3.691843239994763159e+00,-8.344281937736829358e-01,-1.479251565804346846e+01,-3.112491591468138097e+01,1
1.685326761819503716e+01,5.938878029200671094e+00,-1.414600346289398303e+01,-1.330127044830167371e+01,-3.725716711931546854e+01,1.129463704309738858e+01,-1.279096701114027068e+00,-1.538729726880541016e+01,-5.731406406220423300e+00,-1.012030619922102748e+00,-1.099028181558346162e+01,-6.132770350874116261e+00,-6.480105182775456996e+00,1
1.488842229511975290e+01,-5.054106715673724715e+00,9.071351687690151211e-01,-1.743600802790972182e+01,-3.865706448096808856e+01,1.459482157868655783e+01,1.506985144942157540e+01,-1.838010660485681314e+01,-1.101445996217582390e+01,-2.059951347691815116e+01,1.590490728189084990e+00,-1.241376961572429494e+01,-1.679199128925683127e+01,1
1.773286036869114568e+01,1.111655806374229982e+01,-1.355158490980336694e+01,-8.847583772352439979e+00,-4.505322996043177142e+01,-8.670785081226968671e+00,1.714292770079776673e+01,-1.032905219449797585e+01,-1.292110215101441995e+01,-1.529456218929186129e+01,1.628474735458197031e+01,-1.190894554230483493e+01,-1.832403799602013805e+01,1
1.688805865428461672e+01,1.032304574137005204e+01,-1.082984389746916420e+01,-1.097289300463183537e+01,-2.475349979385351062e+01,-5.268856775402454673e+00,3.092878887288794232e+00,-1.938703478765843258e+01,-1.390480653908738518e+01,4.106001544902006195e+00,-4.809133823493436211e+00,-3.488323188474385717e+01,-8.973384008420872249e+00,1
1.621161007427707901e+01,-1.238747070012811147e-01,-1.150272869931930941e+01,-1.406311212976961222e+01,-3.014436730444687385e+01,7.483383068188500076e+00,-3.078328883475594679e+01,4.018249012881280890e+00,-1.564825357453065058e+00,-1.152618928772115758e+01,2.014473325704997109e+01,-2.256346523990940867e+01,2.235917105168748087e+00,1
2.049775334941832838e+01,-2.696323236509257981e+00,-1.190089053479713854e+01,-3.546054955237312356e+01,-3.164588913866542441e+01,1.364363014239777705e+01,1.581987688752335686e+01,1.160616207953225576e+01,-6.679450499806191210e+00,-8.264048765145874498e+00,-2.898860057012245584e+00,-2.846558608793725131e+00,-1.253810876528921270e+01,1
1.854708128063879968e+01,6.727270874939205392e+00,-1.942142159490788345e+01,-2.951622651193724423e+01,-1.749667026492150868e+01,3.466804465733638096e+00,2.827678823188734825e+01,-3.846030861076945229e+01,-1.042030419769160687e+01,-1.780318888734705229e+00,-6.291870000435320520e+00,-9.211865548707917739e+00,-5.341236218757409837e+00,1
1.407779683691806305e+01,1.030366111510521421e+01,1.056621516808011485e+01,-1.916816196118466564e+01,-2.123569559864994361e+01,-8.710026170009299573e-01,1.522810174846279629e+01,-1.999088637030392945e+01,-1.245140226254341620e+01,-1.126117186350146149e+01,-1.517087273889679011e+01,2.619392011912723195e+00,-8.396497449793134393e+00,1
2.083848332482729404e+01,3.980038586999687045e+00,-1.927374961560763822e+01,-3.370636942062404984e+01,-2.221944412142063285e+01,9.122432054513719635e+00,-6.004560314061254900e+00,-7.582820325952725149e+00,-8.356819705541584042e+00,5.720012492295050599e+00,4.864685409233227453e+00,1.532516602060923461e+01,-3.281177618554262665e+01,1
2.127615191967896990e+01,5.201789848232684754e+00,-3.072220212768942105e+01,-3.768773446734554255e+01,1.232958139603035441e+01,-3.230392764111533310e+00,5.459660921042818194e-01,7.388117264445480670e-01,-1.547924191573748942e+01,-9.327152187571186914e+00,3.441589665815038224e+00,-1.491593948479564347e+01,1.415583187229835449e+00,1
1.729267602734936560e+01,9.053547581012415080e+00,-2.995336166092959829e+00,-6.932332496052080906e+00,-1.102703762842162760e+00,-2.475207634107365351e+01,-2.066778807748211833e+01,-2.769110640437206783e+01,-3.630774076049114174e-01,1.497371328526187106e+01,-1.509243669439698898e+01,3.814499934463172703e+00,-1.191794373191345180e+01,1
1.512827323219251774e+01,-8.496127751599972910e+00,-8.731312640965308347e+00,-1.213537170112444485e+01,-5.350924896442270651e+00,-5.853644000736989428e-01,-6.903898284780097816e-01,-9.861803200254096069e+00,-2.294756511933092114e+01,-8.439814778212085145e+00,-1.877858718948394312e+01,-7.149721257025269949e+00,-1.200748938673119959e+01,1
1.749538201214131661e+01,3.956522489275723586e+00,-7.545021757523990402e+00,-2.475086874949401761e+01,-2.698810731575263233e+01,-3.799640975060682990e+01,3.328116402643415483e+01,-1.241106867719366313e+01,-5.777897909416128464e+00,-3.445893876931027666e+00,4.730585411669304463e+00,1.556158820769337581e+01,-2.914127442249779065e+01,1
1.419874071958694195e+01,-2.463594144380103934e+00,3.012923213612948015e-01,-1.598445811192636334e+01,-2.066805003889049175e+01,5.058031545006832275e+00,-4.927652788283721996e+00,-1.487123961595904831e+01,-9.007067017541672271e+00,-2.482479427870211808e+00,-9.736677258004839075e+00,-1.456783882441392386e+01,-1.184904650160073913e+01,1
1.664128507968526804e+01,6.126619825119123952e+00,9.545738243319069838e+00,-2.484734439243667126e+01,-2.787450691522481705e+01,-7.609801618051057481e+00,-1.808751656048032430e+01,1.692359501495979046e+01,-2.612366151770963540e+01,-1.392993628087392466e+01,1.012959825380468004e+01,-1.156206555707917083e+01,-1.851144249075360904e+01,1
1.538262235730221050e+01,1.033033396189457953e+01,-7.550064086962414933e+00,-8.866121090302032215e+00,-3.866111244410033265e+01,-4.199862418139368891e+00,1.831801279332447407e+01,5.024597845683928199e+00,-2.049234747134272894e+00,-2.415330505509698966e+01,-5.074217391904184637e+00,1.032143775791953644e+01,-1.203275454195081906e+01,1
1.872683500208838936e+01,3.777704048980125240e+00,-3.046855109801053629e+01,-1.543347058246097703e+01,-2.130843660072476453e+01,1.303024358493338219e+01,7.573862236171279960e+00,-2.754732067244560056e+01,-1.001601354941793787e+01,4.863162467649535081e+00,-1.852076317274464401e+01,-2.093301014604485744e+01,3.246217257179127458e+00,1
2.014186212275312826e+01,6.111047562006149292e+00,-3.631642261533330185e+01,-9.812185884174938977e+00,-1.126864107524207448e+01,-3.274728632330859313e+01,2.431763443488162579e+01,1.510997473511451972e+01,-5.021241018900747477e+00,-1.322813324258590484e+01,-1.446651273554476269e+01,-5.809667769071966248e+00,-1.563024254574134631e+01,1
1.119854531998471359e+01,-1.784098900173488644e+01,-7.779127963791870215e+00,-8.944989672840062411e+00,-1.211022579381451969e+01,-8.273900621381104159e+00,-1.049845576605189734e+01,-7.253982878843074467e+00,-1.235285322047891654e+01,-1.044318077812028278e+01,-8.321452121570889204e+00,-9.346078891322594728e+00,-5.248471064568713373e+00,1
1.394683186242766659e+01,-1.120197813610759541e+00,-4.189722513757019762e+00,-2.031332302569165904e+01,-2.669817026287023154e+01,3.139280730702408917e+01,-7.334408742799069181e+00,-1.765034191215697845e+01,-1.068541033651770533e+01,7.533202075422377852e+00,-1.808654999616209835e+01,-1.092507727854390431e+01,-8.298351926870061845e+00,1
1.878277447354973262e+01,3.316896045537280457e+00,-1.037826050190111182e+01,-3.089475021459668369e+01,-3.773585605226091388e+01,1.443066797554588909e+01,-1.396370501325395885e+01,1.032365161841915757e+01,-1.625453517243310841e+01,-7.260474170038305530e+00,5.920444118539095468e-01,1.095845977339204502e+01,-2.304053708253710653e+01,1
1.231897932902234238e+01,-5.872785674878501894e+00,-4.129992189893798127e+00,-1.059234348697744110e+01,-2.597041029338053164e+01,1.578759601130071211e+01,1.067328913305741311e+00,-9.452650187823302019e+00,-5.958958824931532838e+00,-1.771447151267352638e+01,-8.170828576010793487e-01,-2.136178181570654289e+01,-9.412707528913077937e+00,1
1.431831912114514083e+01,4.234442496264128941e+00,-1.252417043536010466e-01,-1.743246582111749987e+01,-2.425967717127304635e+00,-5.207500639341883897e+00,1.329205072030434742e+01,-1.663203117867439573e+01,-2.680371257675254526e+01,-4.092985956838992578e+00,-1.555476439498892915e+01,4.741655689697886977e+00,-1.439643552874561649e+01,1
1.052418188432651114e+01,-1.829760276021261944e+01,5.472075119301592849e+00,-1.825027003505626855e+00,6.669552208909575175e-02,-5.699506445253748055e+00,-4.675433148811764639e+00,-5.175140813517537630e+00,-1.357223475222512832e+01,-1.070790492958021289e+01,-1.576711175115501362e+01,-9.988471972572792623e+00,-1.258099859375052176e+01,1
2.015516645174167465e+01,7.327342134714744937e-01,-7.761500498794715597e+00,-3.933112109885141194e+01,-1.748455295286191458e+01,5.021610057606716637e+00,-4.403787059746245625e+00,1.665972168953187449e+01,-2.599112920941329818e+01,-2.306249225702448413e+01,2.405734547216050245e+01,-1.731677188994031980e+01,-9.963749139582693815e+00,1
1.514609740150842043e+01,1.072525935410911346e+00,-6.216241590503782000e+00,-1.449848337029808576e+01,1.776509042207408484e+01,-2.028303632052098493e+01,1.395205347314329991e+01,-2.430462290014659743e+01,-7.448464148198805646e+00,-9.705275829750208416e+00,-2.768295592749187506e+01,-1.387359004617539604e+01,-5.713170888134209591e+00,1
1.837409965423996283e+01,-1.924444118121267167e+01,2.479920089488252799e+01,-2.625582003650390917e+01,-2.642802297949729606e+01,-1.752747310825454718e+01,1.222142529666600375e+01,-1.322213044143454086e+00,-1.256734401022069214e+01,2.452765091833015276e+00,-1.148704773232842591e+01,8.928027945526853415e+00,-6.127819742415137938e+00,1
1.688285189237680939e+01,7.184567319748610181e+00,-4.827591229793047667e+00,-1.790941224083719518e+01,-2.574292491613102385e+01,-1.232524368417579907e+01,1.263340973496370268e+01,-9.235511315877213967e-01,-2.769420749558014805e+01,1.338651272729257258e+01,-1.526045983782990234e+01,3.741708895556425052e+00,-1.895178276231402137e+01,1
2.058737065330668869e+01,3.859541989363376224e+00,-2.053778291102166875e+01,-2.418687209951639261e+01,-4.767748671292356732e+01,3.602681890349911953e+01,-2.693685605061403865e-01,-2.954833402342627124e+01,7.960315778809401444e+00,-7.644106605433703905e+00,-5.478648708346552709e+00,-7.190447105112840909e+00,-8.096248119269674248e+00,1
1.977913510645066353e+01,-7.616598147122400908e-01,-5.585869025469730076e+00,-3.593419030576787065e+01,-4.242031953935754984e+01,2.692851838594084413e+01,-5.050699658924041380e+00,3.725259891689648217e+00,4.404207027968029542e-01,-1.472447693994576490e+01,-4.640252488341894299e+00,1.060842882367710160e+01,-1.456643052041435737e+01,1
1.708530851255827798e+01,1.028526253273199131e+01,-1.900237409866061000e+01,-3.587129077187046988e+01,-1.360757715008642510e-01,-3.006623355646388163e+01,7.099795770968306385e+00,7.510868664713417076e+00,-1.801242063681684513e+01,-6.213415021816112827e+00,-8.860806829958161046e+00,1.022778452529559345e+01,-1.429420618100554918e+01,1
1.836582882518671767e+01,-1.975981769173552394e+00,-2.778199027896045692e+01,-1.937765980898035423e+01,-2.658112686020901805e+01,1.082651880060657668e+01,7.095302725113029396e+00,-5.586545074097106323e+00,-3.134689900739158830e+01,6.528067314888291506e+00,-3.407796210641957924e+00,-5.262698269658849348e+00,-1.053669854162115982e+01,1
1.667695626658448660e+01,9.376749287056190596e+00,-3.619320435030780381e+00,-3.256993192472118892e+01,-2.176371669565359923e+01,-9.325862836595790739e+00,3.044226618794762729e+01,-1.930111495392875298e+01,-1.508585520423120663e+01,1.298622218693236441e+01,-2.717500472771091680e+01,-1.062206717298879077e+01,-5.034715668909273134e+00,1
1.479997587059450126e+01,6.981878118790704413e+00,-8.005051594901319234e+00,-1.096829679623807863e+01,-1.887000525426461550e+01,-6.514463512897118669e+00,-8.891423077243764794e+00,-5.629331496341184682e+00,-2.368457079826641376e+01,-1.086940840627279314e+01,-9.259072504410649884e+00,-1.175924319705696419e+01,-2.320531705873837058e+00,1
1.525689613376641773e+01,-1.036342846466673073e+00,-9.934687687837072900e+00,-2.423210199716181990e+01,-1.110721015130569178e+01,-7.089533647373988501e+00,2.164186650718084692e+01,-2.359611762524765766e+01,-1.406076488883402575e+01,1.141334351541447845e+01,-2.563674590467241288e+01,-2.132822004011883976e+01,-5.744005690950215737e+00,1
1.765094908744831770e+01,6.993554897305182649e+00,3.308685638141185326e+00,-3.891917331586552820e+01,-9.879377982340241005e+00,-3.339268154593832527e+00,1.855761195051956491e+01,-3.367172505356350598e+01,-1.280325994057744499e+00,-2.402955152712283216e+00,-1.874193655287952254e+01,-1.903596158254445925e+01,-1.050636472305331282e+01,1
1.967107291838907912e+01,6.501181926121273769e+00,-2.510865546239787705e+01,-1.741981933309530817e+01,-3.679984122215828535e+01,3.165259032432125608e+01,-2.783185809402739963e+00,-3.714391207702362863e+01,1.582418763605686252e+01,-1.622885582207068822e+01,-1.538485316015147220e+01,-2.319724755142814132e+01,-7.271577138605399782e+00,1
1.814794106485300063e+01,7.676968144673327998e+00,-4.989894309780802395e+00,-2.550844399288240538e+01,-2.294027593711036772e+01,-1.894495291618712685e+01,1.088272151267279675e+01,-2.244335008292567224e+01,3.384341908426740986e+00,8.627544303489241173e+00,-1.121027050841128947e+01,-9.261642957605076276e+00,-3.525401118539787859e+01,1
1.790820838350096267e+01,8.594894513496388555e+00,-9.389677784945455130e+00,-2.093476355940834210e+01,-2.006453057624989356e+01,-1.860734358750445949e+01,4.718308864900563115e+00,6.606344351025297712e+00,-2.536174086791837112e+01,-4.885823489253726670e+00,1.775735017678850980e+01,-4.027478332209039991e+01,-2.439320732378712275e+00,1
1.900539455741692052e+01,-8.268237805439099475e+00,-1.984212160316950913e+00,-7.492333434618962507e+00,-3.789258299199996571e+01,7.637925586726894700e+00,-2.675526231684285960e+01,1.677820445377525971e+01,7.780108262067868097e+00,-2.269708856108240624e+01,-1.096779975458715084e+00,-3.397184050445176240e+01,-2.784389699167468279e+01,1
1.404708291362795691e+01,1.286098008351413036e+01,-2.375972917409942653e+00,-2.722966733133454831e+00,1.016853721595122995e+00,3.605960287074225779e-01,-1.186758925904802631e+01,-5.988472841570678717e+00,-2.363163658878952944e+01,3.367020384236050767e-01,-2.389324831583840236e+01,-1.686572080778995897e+01,-5.660240245633985978e+00,1
1.732517191577207072e+01,6.096871290658526732e+00,-5.921839409384815234e+00,-1.794413320532975220e+01,-3.415404263501109483e+01,-1.539051934682505873e+01,1.948780468475055017e+01,-2.143671455202233389e+01,-1.763071316161113700e+01,1.927615306150468300e+01,-1.583508337945178113e+01,-7.923084501533376844e+00,-1.517303089526337523e+01,1
1.686225449100029650e+01,5.593978076117602782e+00,-1.170597029836513059e+01,-9.707566678506291069e+00,-9.974228189373489428e+00,-1.451251349780791955e+01,-1.944659027427015019e+01,-1.100531946638763081e+01,-1.382979756032079699e+01,-3.782468845980127004e+00,-8.827619906995654020e+00,-8.037663994059993655e+00,-6.779227005116815752e-01,1
2.086527005687123903e+01,2.740508033727713677e+00,-3.034065947317275302e+01,-1.609620550374949133e+01,-2.587040317731953110e+01,-3.730070020557105792e+00,2.576503911139371539e+01,-9.469879659590429100e+00,-7.199005099285179732e+00,6.721926269041833102e+00,-1.280902443406801972e+01,-1.152294289405507755e+01,-1.231921896754110080e+01,1
1.854579851824045988e+01,3.876002046081859387e+00,-1.494933684641822325e+01,-2.387345119494906598e+01,-3.207968325452564073e+01,-1.032670158623309753e+01,2.841415620841135237e+01,-2.289638762134665129e+01,4.170629663003709298e-01,-2.637391125984547280e+00,-1.566470760590081923e+01,-1.181166503252188527e+00,-1.893608185890733608e+01,1
1.781161516199355432e+01,9.352607618500192288e+00,-6.257252614833380022e+00,-2.279450562178465134e+01,-3.467132065638023164e+01,-6.396882016297021245e+00,-2.052635210119727205e+01,4.553702111908902950e+00,-2.013586102957562218e+01,-1.298472058846899380e+01,1.275082905713667003e+01,1.328294378222006777e+01,-1.820168095810986131e+01,1
1.706525614253695267e+01,1.413596989335404785e+01,-1.069885620729194997e+01,-2.352870775240071666e+01,-3.242285376838600541e+01,-3.817084033909135865e+00,-1.939926381710832315e+00,1.715834768778017505e+01,-1.458876557819543152e+01,-9.571743361523157745e+00,-1.776918469879918305e+01,-1.256464538299870881e+01,-1.359716214083378283e+00,1
1.680705571143029431e+01,2.998820232815630593e+00,-9.972783896646165047e+00,-3.061538532410173374e+01,-2.184135992545327554e+01,-3.842415031993543284e+00,-5.014025612222567929e+00,-4.123179334229629234e+00,-1.197190171253154389e+01,-1.317386089487809464e+01,3.166363933717115664e+00,1.424989041863414574e+00,-2.207217371780125248e+01,1
1.530949737619670969e+01,1.546803862069800584e+00,1.064364532644295913e+01,-1.498723888208960631e+01,-2.374345061031917226e+01,-5.209392874251673966e+00,-1.238051919911360155e-01,-8.552882859409001171e-01,-4.436323876467864125e+01,3.584669075304776076e-01,6.041487004602343891e-01,-1.597209036586496111e+01,-1.538149384374023221e+01,1
1.397448262270247277e+01,6.714726448997936359e+00,2.899486596298389340e+00,-3.749104045707483834e+01,-1.533027074822667402e+01,9.626196744756693846e+00,-8.511558045208431622e-01,-3.491461103112691422e+00,-2.244282094619532586e+01,-4.665253785322067692e+00,-2.262288669318792689e+00,-3.519383259703851508e+01,-1.192529882308824440e+01,1
1.987949207162563425e+01,3.138878282243338980e+00,-3.556933780154876246e+01,-2.045774391430707340e+01,-1.687407297733371436e+01,1.015430391136326271e+01,3.178049526590666574e+01,-2.202220105011236484e+01,-5.710944022901051298e+00,-3.818780037785147297e+00,-1.929564725836712569e+00,-2.387564176850783682e+01,8.106183579195015199e+00,1
1.718269741574388476e+01,9.594858435111158101e+00,2.116799436674449808e+00,-2.301099949793020016e+01,-2.323946880593988240e+01,-1.667808479981463066e+01,-6.977347992630760665e+00,1.604789320119165197e+01,-1.915440898042774265e+01,-1.630746645201412193e+01,5.604112039895184694e+00,-6.561382761679889875e+00,-9.268879772919634163e+00,1
1.801407437749934815e+01,7.511859936773430668e+00,-1.081571878314365520e+01,-2.399098869380673804e+01,-1.497127829857805992e+01,-1.405238104099812801e+01,7.757980268001242408e+00,-1.767019482555008736e+01,-4.608696271719259663e+00,-7.932870850278566088e+00,8.816225161599216875e+00,-7.459217399919850777e+00,-4.055278679750520610e+01,1
1.827604175044217172e+01,-5.563636069327670963e-01,-1.425852813064737390e+01,-7.025743409957027730e+00,-4.400042696034763878e+01,-8.063714944912558025e+00,2.747330062994432254e+01,-2.631068717507436716e+01,-2.706752100564995267e-01,-1.073339336382730735e+01,-1.236361942922964730e+01,-3.560701015586136275e-01,-1.218453130668187612e+01,1
1.603787470919709079e+01,7.222192498704337993e+00,1.090044682972137480e+01,-3.270918184449725175e+01,-2.410729225807530440e+01,4.784971678259128947e-01,8.493443743169889260e+00,-9.686703233065040664e+00,-1.490596076689496385e+01,5.335873860512346134e+00,-2.452382390773671972e+01,-1.026091690738598849e+01,-1.690813233352986700e+01,1
1.712228381940722954e+01,-1.418634509429953106e+01,-5.487737642094881352e+00,-1.793338872953201957e+01,-2.725407804715436555e+01,1.147658691501869654e+01,8.534211735115866393e-01,-4.774807124736225816e+00,1.655924316004637520e+00,-3.095136889094418464e+01,1.754042090677744881e+01,-2.104247625142378553e+01,-2.238859446075049675e+01,1
1.873535473116999484e+01,-3.385462049134372542e+00,-1.070779374979045429e+01,-2.970425210540645367e+01,-1.120306417583179481e+01,1.796696997306892030e+01,-2.001416524047964174e+01,-2.010661792073604737e+00,-1.251814898478765814e+00,-2.269177966435625393e+01,-2.145707411379581941e+01,9.682141989865590048e+00,-8.370763326429478957e-01,1
1.691967198538260320e+01,1.268506122873095343e+01,1.435222924390806343e+00,-1.983041163316604028e+01,-2.840332460050650454e+01,-2.911472939357023115e+00,-2.196772477760732301e+01,1.813895506181055595e+01,-3.833083066481458445e+01,3.997512199462898597e+00,3.183056655334684404e+00,-9.335265700298965186e+00,-2.302744964075285594e+01,1
1.694359555449566912e+01,9.228379662853575027e+00,-3.761751426487883077e+00,-1.755483270885573432e+01,-4.959508882921438300e+01,3.317124113737148772e+00,-5.337152180975757609e+00,-3.899638604597149172e+00,-5.294942444935517578e+00,-2.726683261478292764e+01,1.225193213323128028e+01,7.873453004440672309e+00,-2.228587151032125391e+01,1
1.782120265175630180e+01,-8.467153461451709662e-01,-8.889607256879115127e+00,-1.045201962800051554e+01,-6.563010298779895280e+00,-1.492949943015935155e+01,2.978674844164888924e+00,-2.716250892324440613e+01,2.206012386470583397e+00,-1.677408234269094933e+01,-6.712087898376479345e+00,-1.160838404938709978e+01,-1.252483701724928977e+01,1
1.723233599640855829e+01,-3.840857783328578634e+00,-7.572474740866790732e+00,-1.995980210367319430e+01,-2.420951955514577492e+01,-9.362781069869894779e+00,5.698281220005657843e+00,-2.497485187542250462e-01,-1.695239012125858125e+01,1.429849593604091318e+01,-1.499480469319675358e+01,-2.090386502991677631e+01,2.843936171837438298e+00,1
1.873757956058653562e+01,-9.291349387082362909e+00,-2.090510958394770569e+01,-1.707441520278532465e+01,-2.115048705242949012e+01,-1.119194881044113288e+01,7.183802443341500421e+00,-1.707325157866134901e+01,-4.900551286967686160e+00,2.430854153521610606e+00,4.280565290675892420e+00,4.524042031635402417e+00,-2.196824714191748029e+01,1
1.739780214054817264e+01,6.256884600024600118e+00,-4.824644297078562794e+00,-1.386208850773463563e+00,-1.764717887116361439e+01,3.791705919589189566e+00,-1.424342875834008382e+01,-2.845664974681467996e+01,1.598550822186336617e+01,-1.512016868897075383e+01,-2.751269528726697189e+01,-2.396408799695238301e+01,5.440618815322251223e-01,1
1.708368566316301695e+01,4.862808871912516651e+00,-2.064867442696930411e+01,-1.886301815288917894e+01,-2.120398758962657837e+01,8.950536094845670476e+00,1.539907777441719539e+01,-7.748968987839655931e+00,-1.856231034844422112e+01,-3.685657183529801983e+00,-3.817987380346421489e+00,-2.086033411838723595e+01,-9.024896239640812112e+00,1
1.664158072972100300e+01,9.378814141836322449e+00,-1.041040610688661161e+01,-1.236247637071716099e+01,-3.819591872014790113e+01,-1.458656388655971803e+01,1.001377538743022022e+01,-8.347294325137768922e+00,-2.563412722915224151e+01,8.186310876568221317e+00,-5.772874527374733944e+00,-5.263022226851619578e+00,-5.078012637478195757e+00,1
1.729135178538861339e+01,5.488385173217462665e+00,-8.225878243679655810e+00,-2.463404561661007008e+01,-1.773816416331217738e+01,3.360435554029995586e+01,-1.300275963422891934e+01,-1.412363753168517810e+01,-3.151367737427800630e+00,-1.415386562072256638e+01,-2.763196886708552213e+01,-1.493917391875284473e+01,-8.074883337056748545e+00,1
1.062761754985568530e+01,-2.009436001481429912e+01,-5.476919174431267301e+00,-7.221812244645072099e+00,-9.626020867762555611e+00,-5.639849211594859746e+00,-8.222588995438531612e+00,-7.842198250784681690e+00,-7.856785993253390998e+00,-5.255901143141210596e+00,-5.978712918948716926e+00,-5.597198275877250495e+00,-8.297110913033289847e+00,1
1.529613059374915096e+01,-6.841187897556844533e+00,2.039199962078034556e+00,-1.899600078490492550e+01,-2.205674512132030429e+01,2.671855897812098313e+00,1.739853211833467483e+01,-2.202271395513353980e+01,-1.472204785438673724e+01,-1.047245400249636083e+00,-1.988389850080373833e+00,-8.235308542490779260e+00,-1.464064006055317080e+01,1
1.362855144706428057e+01,-5.792476956307892166e+00,-1.531713789163930883e+01,-1.452911274474280923e+01,-1.270530790307038771e+01,-1.733398318324744336e+00,-8.834641872272589680e+00,-1.906771487865226788e+01,1.577708627343607395e+00,-5.563538555678901876e-01,-1.366358140745170680e+01,-6.762474405919510545e+00,-1.366944663924058823e+01,1
1.893296187933936281e+01,-1.347517656387589113e+01,1.147001918238131635e-01,-2.424132729239879680e+01,-3.112340204184083348e+01,-2.648654505523330371e+01,2.313866115527212131e+01,2.745656422298645083e+01,-2.638552746238652702e+01,3.998569128717539001e-01,5.335436710615255151e+00,-1.135357373761674360e+01,-9.362652563952886808e+00,1
1.806169519470411089e+01,2.429810837961852155e+00,-2.040803026525222563e+01,-2.403247616179117330e+01,-2.931794729609802630e+01,7.779952305262746393e+00,2.236466065335143938e+01,-2.504378135298365393e+01,1.468849016295737275e+00,4.039052421611344812e+00,-1.210331734950130844e+01,-1.397253767746638076e+01,-1.523525212559262343e+01,1
1.757871074258426347e+01,3.472183319567553106e+00,-1.303465812602771834e+01,-7.290568043627484229e+00,-4.444587262945368167e+01,1.739191172351128856e+01,6.502430945994341904e+00,-1.373088169179790619e+01,-1.003042218911573435e+01,-7.466682430158318340e+00,-8.118571496565516910e+00,-1.788382666262410581e+01,6.578459043638935633e-01,1
1.647608544906329442e+01,8.353264912065071712e+00,-4.157789437088935891e+00,-2.507407180939334879e+01,-9.956962646201231948e+00,-1.408593445722987392e+00,6.399266503233779879e+00,-2.192427381887864257e+01,-1.418647168171910344e+01,4.518607692575804968e+00,-1.782431985243139039e+01,-1.713250400786623473e+01,5.043034962879179517e+00,1
1.610641827226556089e+01,2.356734151557152490e+00,1.252561530602851292e+01,-3.053979767898716347e+01,-2.651011725739937930e+01,-1.809404916976575706e+01,3.793230110456363935e+00,-1.972162094582876080e+01,-1.382823816384502713e+01,-1.942346087502329899e-01,-2.852871905955926479e+01,1.942475398284147303e+01,-7.004431152137035710e+00,1
1.643212015785711699e+01,1.056052393141043666e+01,-1.413362248200543725e+01,-2.386211839261524048e+01,-1.692090518388954834e+01,4.464949543566295809e+00,1.933445026210022899e+00,-2.010711910613145648e+01,4.490245905630693812e+00,-2.266997031674391394e+01,6.056360255078105936e+00,-1.083682381012567042e+01,-4.703605238821896961e+00,1
1.582408878287891163e+01,4.513475024485424036e+00,-1.079161832200436777e+01,-4.715807876067452220e+00,-1.754751029774347870e+01,3.315284893609555894e+01,-9.225835174401137095e+00,-2.052161490378061970e+01,-4.310868342424639899e+00,-1.244607050153402206e+01,-2.779582231482349997e+01,-2.364215249887692849e+01,-1.122286893511586614e+00,1
1.777177751492486379e+01,5.854035873777290178e+00,-3.537623971976370285e+01,1.786780573326593569e+01,-3.052413760603178972e+01,-3.156490129619008211e+00,1.081283854550332002e+01,-3.566248394718062542e+01,-1.183230417906717413e+01,-2.108911623207891850e+01,-1.477016409645506023e+01,2.576496399582372199e+00,-1.040878370176260503e+01,1
1.879731489567930325e+01,8.898721345416245043e+00,8.964561764121846688e-01,-2.434460824206449203e+01,-2.720896731848318950e+01,-1.017061412268813569e+01,1.223041490415365917e+00,-3.022255314072860699e+01,2.778305918089322368e+00,-1.212227316624161944e+01,-1.732992580261044679e+01,3.002576413474298267e-01,-1.051621239701155908e+01,1
1.778673148801194870e+01,4.799027105979421393e+00,-2.733114657215838861e+01,-1.241483601935623149e+01,-1.530627102061908928e+01,-1.794333923041141787e+01,7.387545728148015911e+00,1.823721430732654980e+01,-1.251205947545679820e+01,-1.421463761268272030e+01,-5.277758199833804120e+00,-6.379035383704967366e+00,-2.572478579564084811e+01,1
1.954109005533407029e+01,-4.602775057988695018e+00,-2.156749079669195268e+01,-1.966878061341945738e+01,-2.704927540961645249e+01,1.529989173218929821e+01,-9.017169466012251888e+00,3.188063059000693755e+00,-3.941971165257546206e-01,1.270256400930789020e+01,-2.793469741777909832e+01,-2.347409080947126014e+01,1.599914797716806270e+01,1
1.526182635494933137e+01,-8.959374952250062307e+00,-9.744550016785167301e+00,-2.978679784164865652e+01,-5.716037561189318161e+00,-2.685278489538019286e+00,1.253922742159552017e+00,-8.977629385975648191e+00,-1.276543267803527826e+01,6.934932090320821807e+00,1.746876627359396528e+00,-3.012748989567267088e+01,-1.249615350921438051e+01,1
1.718552248847083064e+01,8.104564938078180347e+00,-2.226404781717001669e+01,-1.732703793509249834e+01,-2.503795135861384935e+01,-2.228612076388454000e+01,4.171872172386556166e+00,1.056907543515581516e+01,-2.641015458079938583e+01,-3.244999377217883563e+00,-6.528076909001957695e+00,-1.835135037052191720e+00,-1.062369880281828749e+01,1
1.251123900078057005e+01,-1.615424287497643263e+01,-1.513909939649763103e+01,-8.328101658925604056e+00,-8.040803151846123598e+00,-7.437994403392218956e+00,-1.163082407334788293e+01,-9.936651781417030094e+00,-1.422420830156533889e+01,-6.770849002136896111e+00,-2.784824699259024428e+00,-5.454384205741511060e+00,-9.876906007350651606e+00,1
1.567751121121778723e+01,8.327902451404138873e+00,5.875627191145015082e+00,-1.503086353928975250e+01,-1.701152028779842951e+01,-8.624844242700932639e+00,1.154052137699274461e+01,-2.647849808032701091e+01,-1.848725416935102928e+01,-1.438543063204246764e+01,3.343548937034352964e+00,-1.602897543726474439e+01,-1.274603671490856982e+01,1
1.689951992186263396e+01,-7.101801161461137823e+00,-8.910607286130991511e+00,-2.334057109999424284e+01,-1.779697467016882229e+01,-9.203902052967205094e+00,4.780878202784946573e+00,-6.232985502797381727e+00,-1.241171978622188732e+01,2.872800129758230625e+00,-2.912657244584534766e+01,-3.957252467322680989e+00,-6.919176933127966223e+00,1
1.874497310725550392e+01,-4.397140835789435265e+00,-9.253353448965317085e+00,-1.031699687349417260e+01,-6.258676304593186046e+01,2.706518414103807757e+01,6.391770348164442339e+00,2.907952328228316508e-01,-1.829709475816430242e+01,1.700294535281605945e+01,-1.221342115840166898e+01,-9.940910024841675963e-01,-7.449917552079000416e+00,1
1.355629628836063993e+01,-2.508770989268159557e+00,-7.603043396396091502e+00,-2.255025043503370519e+00,2.329849370963173349e+00,-4.934182075782569399e+00,-1.406157084605741936e+01,-7.218442667974040994e+00,-1.015342997082492760e+00,-4.800750450202325936e+00,-1.505549775524008638e+01,-2.236907615330938182e+00,-9.867625833467373653e+00,1
1.679857643063220607e+01,8.537432309089712845e+00,-1.500124857617668717e+01,-1.653025412431871288e+01,-2.998636973849410481e+01,6.307835280954317447e+00,4.216995156102485431e+00,-8.468816195443720218e+00,-1.602059686485062073e+01,-1.563121597198552815e+00,-1.386734637861000685e+01,1.313189713191222463e+00,-1.525992316269215010e+01,1
1.720122301884892124e+01,5.584286226354744365e+00,-8.452015590443641813e+00,-9.678579375982719668e+00,-5.037590294442156136e+01,-4.110394740721720730e+00,1.358029510982775179e+01,-7.605628348345813805e+00,-4.401777892034586692e+00,3.648690777702247701e+00,-3.869084157622504705e+01,1.446106904344404320e+01,-4.074014474082541248e+00,1
1.812697572022830173e+01,-4.395319429127646060e+00,-5.368509854485049360e+00,-2.422148984029510288e+01,-4.695190422958411602e+01,2.078958216258689617e+01,-3.720651776134567434e+00,-3.397434633512840474e+00,-3.086868270058903363e+01,5.534498735160207072e-01,-8.337434501940332865e+00,-4.776540507008994574e+00,-1.266608714417634296e+01,1
1.696897359802102656e+01,4.001925944102985078e+00,-7.577126728553895241e+00,-6.404964904076893006e+00,-3.466984500349767728e+01,-1.961939564322532092e+01,3.554540463695479602e+00,1.207017991034881632e+01,-1.821940312303438603e+01,-2.073515294354415062e+00,5.286487176923244657e-01,-1.902586833391969989e+01,-1.589205187829175614e+01,1
2.053215034202261080e+01,1.040148727748167978e+01,-2.193405975844349243e+01,-2.084854615086875285e+01,-4.779115001123417983e+01,1.062976761571129991e+01,2.775570051286424800e+01,-6.019598333842363092e-01,-7.095438673255688222e+00,-1.053936666557645196e+01,-9.887704643143663930e+00,1.172810183680693008e+00,-2.653552694767391085e+00,1
1.559296049222887248e+01,-3.758014849232739873e+00,-6.558683177209749360e+00,-8.224708928905030803e+00,-1.357199940934613558e+01,1.516897591504688769e+01,1.692323719635931756e+00,-1.958639949578006068e+01,-1.371937555461011371e+01,9.161094952294634997e-01,-1.232833907868640821e+01,-2.191235368261214589e+01,-4.936944178045837184e+00,1
1.974711948896805680e+01,-1.178809883985038631e+01,-1.597067685294083361e+01,-2.355334512013713422e+01,-3.391381557837016114e+00,7.959450865288746790e+00,-1.963577846861331366e+01,-1.382542058045004119e+01,-6.089796780192386016e+00,-3.259150917544056281e+00,-1.527061493950934334e+01,-2.017800265185125141e+01,5.812968179067904195e+00,1
1.759473708372606637e+01,4.914718710048415318e+00,7.305520617181594289e+00,-9.252094491049843938e+00,-3.938125609719283204e+01,-3.368764933617512725e+00,-6.720221362368341111e+00,-3.291810307695863358e+00,-2.542777536856126019e+01,6.015830371460322290e-01,-4.723530909143113909e+00,1.898540425492815320e+00,-8.975606021311689275e+00,1
1.819642090024741776e+01,4.738471216735963942e+00,-2.157819834447529317e+01,-3.916017695215168004e+01,5.699297742353791607e-01,-3.852929474548346001e+00,5.866925222417214592e+00,-2.986323563102171619e+01,1.922669282797083989e-01,1.429370937498366878e+01,-2.786399272578091946e+00,-6.338968108635544274e-01,-2.201788359588197963e+01,1
1.625937328413609961e+01,-5.706937374776683392e+00,2.282282351910402074e+00,-2.918611889754428290e+01,-3.884930111041966949e+00,-1.517328704261452499e+00,-1.257591049188534882e+01,9.126898439173860567e+00,-2.697045133256301597e+01,1.197128301325707334e+01,-1.489979244176274698e+01,-1.534838981324039864e+01,-3.063715580937808625e+01,1
1.863430541769740145e+01,5.761049151426671067e+00,-2.445502218484642398e+01,-8.653239568293743744e+00,-4.073376250599909554e+01,1.372591464865182687e+01,9.856130247453036120e+00,-6.651704090085938326e+00,-1.725467233802060463e+01,-3.522766429998470894e+00,-1.410888230440306934e+01,-9.593004598475445732e+00,-7.139931203078714539e+00,1
1.719554827449841028e+01,-1.888262139284830887e+00,3.173633836735868297e+00,-2.720443120998025677e+01,-2.079886790437227262e+01,-7.459038547422388810e+00,-1.315178376354645629e+01,4.071764572849030372e+00,-2.291114665456953858e+01,-7.644052237988959497e+00,1.713826325056216149e+01,-1.669216261422201697e+01,-8.624701717542031076e+00,1
1.699490606461240816e+01,-3.187249260657943228e+00,-1.133839210396553199e+01,-2.036319946794289493e+01,-3.123106055604952758e+01,7.709428261000742744e+00,2.938036669780617061e+00,-4.692544384215551645e+00,-1.131536599879001059e+01,-1.586529578177154676e+01,-4.475313561604843393e+00,3.164641372119649354e+00,-1.714440120493953401e+01,1
1.057436851548690981e+01,-1.677802253832021862e+01,-1.338542973860344532e+01,-5.825909127474910854e+00,-9.199395050177569644e+00,-6.321522511805044431e-01,-1.018497394334965200e+01,-8.814379988291525692e+00,-1.748937871351918361e+01,-1.241991314045273320e+01,-5.101734740146128821e+00,-9.494973171488940267e+00,-7.753427774672739581e+00,1
1.816355679445694093e+01,-1.226317330249910320e+01,5.491655017564436747e+00,-4.364770153606299630e+01,-1.210754803313851191e+01,2.068717280561596183e+01,-1.039077592398785832e+01,2.852059232135557121e+00,-1.641744947193083703e+01,8.104546967179155459e+00,-1.836520628761333995e+01,-1.605897732099355935e+01,-1.363674656973387123e+01,1
1.532238796573319561e+01,6.114448476544919187e-01,-6.784126077187964121e+00,-1.978628194628550219e+01,-7.626671201386872490e+00,-5.522576256476752654e+00,3.304338621818928012e-01,-2.184419632495324848e+01,-2.613469558699303619e+01,2.040440157090362305e+00,-4.277273296236451805e-01,2.447467218283055246e+00,-1.893898320031094684e+01,1
1.982971050998810014e+01,5.627704210971394616e+00,-3.327048615618733152e+01,-1.791269947566053489e+01,-2.295320919337238408e+01,2.123928958142554180e+01,4.217235081869080915e+00,-2.519951905355214450e+01,4.612864495202976478e+00,-1.298225248756664385e+01,-2.253946852214530505e+00,-7.977016590825400932e+00,-9.777371219732327035e+00,1
1.769403958348193484e+01,9.154040147784956005e+00,-1.220906954566183700e+01,-2.547164280102654033e+01,-2.846265545360434857e+01,2.432474733788241394e+01,2.566473644447141211e+01,-2.926992831552701091e+01,-1.006492243110800722e+01,-1.256264857010164882e+01,-9.936623828237598488e+00,-3.440331888270703242e+00,-1.331563561455095801e+01,1
1.513206411929083295e+01,1.332892468314021883e+01,-1.122446247203042091e+01,-1.674461147267794914e+01,-1.419824190396206731e+01,2.616460912843031750e+01,-9.797970211802720542e+00,-1.288104749168667951e+01,-3.789225159870533988e-01,-1.350450562831908030e+01,-1.365519750877786720e+01,-3.112896713447587871e+01,-1.262692537951378391e+01,1
1.738040893188560787e+01,3.212303653731420461e+00,6.015646081921875998e-01,-1.723090129142969218e+01,-1.181549284870689931e+01,-1.884205154298221530e+01,-9.001513416508228005e+00,-4.195986109435600575e+00,-6.845385493686800160e+00,-5.666467386605831713e+00,-3.016138976950114792e+00,-1.099531647806824175e+01,-2.268513415310700765e+01,1
1.425275207585632309e+01,-4.134752000388663973e+00,2.402886104838564574e+00,-9.924263025442927599e+00,-1.605445073326474414e+01,-9.719589792037936604e+00,-1.559326518062543876e+01,4.741590958064354488e+00,-2.984185540908139345e+01,-5.893870587376475179e+00,-1.040702935062757106e+01,-4.649168323274728287e+00,-5.341522639945683437e+00,1
1.848008181697799301e+01,8.535955895065610477e+00,-2.712060017024313296e+01,-1.120974675385560637e+01,-2.763203037841067200e+01,-1.831525755646471465e+00,2.751965646924907460e+01,-1.996378368221623845e+01,-1.287329130094671115e+01,-6.610255104911928470e+00,-8.965726927920810496e+00,-1.601832725351866316e+01,-1.675315399090203172e+01,1
1.499240086205469957e+01,7.200259701364558396e+00,-8.915038699217765483e+00,-2.032042610832574780e+01,-3.347421775903483621e+01,9.833293856237585118e+00,1.343148594941747653e+01,-5.797730433059266275e+00,-2.288227273154190300e+01,5.660748126944009639e-01,-1.143485600060345675e+01,-2.297050652483006772e+01,-7.712111703316137046e+00,1
1.424084427922461060e+01,4.973974200710726268e-02,-9.157375829221983565e+00,-1.402869639535337321e+01,-2.022344403878372532e+01,-5.087829531678818462e+00,4.808157366801301791e+00,-5.147280844565258917e+00,-8.251313273641375901e+00,-1.223652004071906063e+01,-9.892959939605370678e+00,-1.930698452595391501e+01,-5.612367470110829260e+00,1
1.523661056794451163e+01,-8.068489467281320771e+00,-5.391256751000516045e-01,-1.240542550666061850e+01,-2.598920962037390936e+01,1.442222293873536820e+01,-8.318487885280465122e+00,-1.665873171925654361e+01,-1.602527216544716282e+01,-4.479757831888544040e+00,-1.608347186502573933e+01,-1.005517716782699900e+01,-1.818318481633114603e+00,1
1.503544999278692273e+01,1.036902156253561813e+01,-1.504966793769000333e+01,-6.981017206675888431e+00,-1.332356191553391511e+01,-1.459295179754129457e+01,4.504666737642671670e+00,-6.004850277402081993e+00,-1.548355020189230480e+01,-1.189012172825484193e+01,1.769366824416290029e+01,3.862875871787171178e+00,-2.624682129383507956e+01,1
1.756186473157888628e+01,1.006116832420601126e+00,-9.148932166582538272e+00,-1.590736958802964551e+01,-4.224686430636374723e+01,-1.261118751475228672e+00,2.578034293064943938e+01,-1.053145365768872566e+01,-9.275919159431426309e+00,-9.645856976139156602e-01,-2.618643406654375738e+01,1.889185925883896999e+01,-4.799636900614144253e+01,1
1.986030564518812369e+01,-1.765956954013995217e+00,-4.365391280990342437e+01,-1.943125493399682435e+00,-2.271560191722007005e+01,1.967256934011426095e+00,1.968087790768178280e+01,-1.717787555131916832e+01,1.350859500132654034e+01,-2.464240701394695776e+01,-1.321188674281753883e+01,2.547101202528054742e+01,-2.609570291571049694e+00,1
1.506232997749966529e+01,1.056504122969990078e+00,-1.435214621919044298e+01,-8.897843249603626603e+00,-1.158014409720594529e+01,1.461579929024343416e+00,-1.095373223165466392e+01,-2.387499067675645037e+01,-1.861734355176325462e+00,-1.680015412515306750e+01,-9.256362041894501402e+00,-6.867235466911898456e+00,-1.529239160443014001e+01,1
1.928457165256404693e+01,-7.298709171708718024e+00,-1.514323956757001177e+01,-1.977556979617733290e+01,-2.677003117000241517e+01,6.910552131374100959e+00,-4.983006791074316766e+00,-8.175189406009039317e+00,-1.670314593653824531e+01,-1.149335053085075131e+01,-1.112780783017285202e+01,-3.825213814047654370e+00,-3.150913366244008884e+01,1
1.885630806835347073e+01,1.665578931108791849e+01,-2.096245153025657970e+01,-2.952398611253569172e+01,-3.040605075047030326e+01,5.581338382098145479e-01,-1.073958097749754970e+01,1.414737026391905594e+01,-1.672113777429967030e+01,4.087402333373694852e+00,1.122309110964816625e+01,-1.051157883753455380e+01,-1.064277869622179473e+01,1
1.495572424755047081e+01,8.706692702831556829e+00,-6.994047599829592343e+00,2.640178467449720845e-01,-2.350124881414257771e+01,-2.628621414632344155e+01,2.316587773771307468e+01,-1.880927103697941050e+01,-1.019509398345201667e+01,-2.124092561454852035e+00,-1.885438198236835916e+01,-1.100025402699624344e+01,-1.943510521177636008e+01,1
1.578260445154221614e+01,5.653658162790380359e+00,-5.558022107574498882e+00,-1.547199906649157342e+01,-1.218175802942876196e+01,-2.775483677079702005e+01,7.279068137548920348e+00,1.356286773000708434e+00,-2.049406693910747990e+01,-7.826618372064279683e+00,7.421332381874192308e+00,-3.653471675299003518e+00,-2.786523937509614868e+01,1
1.554595842818230089e+01,7.533591308567602951e+00,-1.020664748310878700e+01,-1.189777166486109294e+01,-1.567581492945470067e+01,7.788057444991007827e-01,4.623619474744386615e+00,-2.984941148986095172e+01,1.774987666289316124e+01,-1.374884741671642452e+01,-3.231564438769969172e+01,-4.122188212926211293e+00,4.112460277700689559e+00,1
1.597776155891816607e+01,7.271323171135798624e+00,-2.465992495873700729e+00,-2.112148476344908588e+01,-3.514416550081335089e+01,-7.068061270994770773e+00,1.204018432199384492e+01,-5.694166403659111531e+00,-8.222408338522457782e-01,-2.973608889548126299e+00,-3.948218765490227877e+00,-2.110009069053155528e+01,-9.979217702111942145e+00,1
1.793053036956917268e+01,8.713626001179360259e+00,-2.293948958304043018e+01,-2.106007984107566955e+01,-2.945179556542006694e+01,-1.099677347696707130e+01,2.113286307234985983e+01,-2.275735758293167521e+01,-1.821240519983891915e+01,1.566491033707546343e+01,-1.126435207348107070e+01,-3.620421303428240645e+00,-9.704187575796996867e+00,1
1.877044064266915768e+01,4.519186081127566368e-01,-1.293584007993205098e+01,-3.179724009722271916e+01,-2.446617904545497879e+01,1.463780673960868661e+01,-1.831736492789839232e+01,-8.097551627988154976e+00,-8.678911266344975672e+00,3.092235508760747376e+00,8.421309469944889159e+00,-3.102586293114027782e+01,-1.965936578880670638e+01,1
1.714139905035214539e+01,1.121117379214445009e+01,3.976448512848520522e+00,-2.162957226465185201e+01,-4.029027751628017029e+01,1.520039086936510841e+01,1.508495175424687140e+01,-5.788749180597656085e+00,-1.331752268453204735e+01,-1.645854414625243933e+01,-7.780903573644806670e+00,-2.348741661904951528e+01,1.214912328948253872e+01,1
1.747338474313052359e+01,3.671223487291159771e+00,-2.138719100022341379e+01,-1.422176571847563054e+01,-3.261371183661325546e+01,2.500269169339748032e+01,5.191091001720894660e+00,-2.664224525611034977e+01,-7.526352151327435180e+00,-1.385291672753343839e+01,-6.651876327403204670e+00,-6.429976700668714962e+00,-9.148307534486216364e-01,1
1.575749997310532535e+01,5.164902701375731375e+00,5.710949234486154324e+00,-2.537712742863629245e+01,-1.980604235074875419e+01,-6.605581469012625773e-01,9.211804159440541540e+00,-2.064594418431432987e-01,-1.501362113794909092e+01,-2.231945823175518129e+01,-4.304891862567842509e+00,-4.348808569588774375e+00,-2.014873964915138771e+01,1
1.887053140109573590e+01,4.468033431963712054e+00,-2.009117685094403782e+01,-1.069587508333355785e+01,-4.051871882988551477e+01,6.845677622037909416e+00,1.271672394510034465e+01,1.383522546983151580e+00,-6.115400018013843919e+00,-2.631340929195603806e+01,-9.578446893867415213e+00,1.176697838814871444e+00,-6.554365700351952206e+00,1
1.771642830337829366e+01,1.109786656011817918e+01,-2.781673911162495116e+01,-1.552112162048962629e+00,-3.557852847517645500e+01,-8.059727207913422120e+00,1.016019673531947376e+01,-2.948182571442281841e+01,-1.673543319822628916e+01,-2.956545936531896235e+00,3.845448116272778272e-01,-1.715051583999061435e+00,-1.486670801490216753e+01,1
1.671885587980566967e+01,1.165539404237636667e+01,-7.758909901799152520e-01,-4.619046604291867197e+01,-3.284951179742009231e+01,3.533848707172597692e+00,5.642986959820126991e+00,7.985816115664714054e+00,-5.933484069779249914e+00,-1.586120099906835712e+01,1.558801061774468755e+00,-1.783379133810425177e-01,-2.274313087507696096e+01,1
1.862698033059825420e+01,7.756651089500921081e+00,-5.992162952815554000e+00,-3.522729426607772751e+01,-2.298000617152641212e+01,6.998422602668674664e-01,-1.440457527261660253e+01,-4.156676440432190839e-02,-1.091988579271732895e+01,1.307039780568878307e+01,-4.546413015916895617e+00,-1.160249926757945538e+01,-2.563766866624544960e+01,1
1.641245817656844608e+01,5.205612853556701225e+00,-1.459532114839076655e+01,-6.419452117723647433e+00,-4.156741463858033825e+01,1.220028871243021701e-01,2.441505475274459602e+00,1.442654229271161626e+01,-2.075450268535093556e+01,2.237164654837754174e+00,-1.038014843742677051e+01,-3.065305949907205729e+01,2.478570953801550125e+00,1
1.345601288453227262e+01,6.192665832202289167e+00,-1.117719016556409528e+01,-1.785560473058547970e+01,-3.585603575375959906e+01,8.831723181905367426e+00,4.622477324493471151e+00,-1.751102778285994432e+01,-1.342877255495850441e+01,-1.760834494219579938e+01,-3.984626733232578655e+00,-4.753485904391695271e+00,-1.704577333994653543e+01,1
1.836235102190168433e+01,3.387594116701500457e+00,-1.614727016089270606e+01,-2.542910326944259225e+01,-1.450058232608252595e+01,-9.314069692160400038e+00,7.850047567252746106e+00,-6.999586150780541693e+00,-1.579777316519759900e+01,4.961205981069437776e+00,-5.866420898913647264e+00,-4.893169109871533529e-01,-4.286078337732752175e+01,1
1.912843215329999325e+01,6.499804233437173728e+00,-1.789287529926105691e+01,-1.289623205589692390e+01,-5.292744714181291954e+01,-1.635194196858825721e+00,1.740487347590823219e+01,3.588230008610469479e+00,-4.455134866283190220e+00,-1.918355490057151869e+01,1.138722686726574018e+01,-1.497643679225788915e+01,-1.180131692224538842e+00,1
1.401509507193743787e+01,-2.713111577366189309e+01,-1.286463563661705400e+01,-1.742579546961225745e+01,-6.483964059426285509e+00,1.530150391371522289e+01,1.643554949074166771e+00,-2.521878456041456928e+01,8.585032752129277966e+00,-5.782672680449457481e+00,2.440377528361524107e+00,-1.967539985127588986e+00,-1.095502597310470172e+01,1
1.726705653139526220e+01,1.260925689252245441e+01,-1.351070003435506806e+01,-2.642708751962388547e+01,-2.676989849122417908e+01,-5.939801331955726127e+00,2.302650308508373911e+01,-3.148409910923724553e+01,-3.844920789646722881e+01,1.254453705873208946e+01,-1.202341785900046744e+01,5.818837917057914311e+00,-1.114119755414237112e+01,1
1.726935087107416678e+01,1.610284713531620504e+00,-8.056917169733639028e+00,-2.493210794990531554e+01,-1.408880340890868510e+01,-1.117102246073219618e+01,-1.106872654505046905e+00,-1.865893788112569851e+01,-1.911828956197093987e+01,2.178775996350462307e+01,3.404038733968503649e+00,-1.063160756357433279e+01,-9.530337415653432842e+00,1
1.806125206919087134e+01,4.101159913767839171e+00,-2.411670878713895760e+01,-1.611673636276453081e+01,-3.294194292234715959e+01,-1.687070000283928550e+01,3.198036975823852757e+01,1.153497652374663041e+01,-2.611754131282164693e+01,-3.944166003409027565e-01,-1.220297817203816670e+01,2.920123987164306101e+00,-8.041396443254395621e+00,1
1.718130001320626121e+01,5.590279375900862213e+00,5.149206673487949359e-01,-3.240105120035614306e+01,-2.672086816872700865e+01,-4.571098975223516270e+00,1.109134944376155119e+00,8.084461013121096329e+00,-1.726427089531964398e+01,-5.961260222370114548e+00,2.886931196850568870e+00,-1.799424279597972909e+00,-1.088687890454561469e+01,1
1.785364400926722794e+01,3.851167620204474229e+00,2.179243574235656400e+00,-4.368195344525999246e+01,-2.402760583774190906e+01,-1.256905534669857261e+01,2.792068537318586152e+01,-7.227551641483702660e+00,-2.362126972773299727e+01,1.169254621030991181e+01,-8.146646452704555230e+00,-1.088339102031851446e+01,-8.918033011522334519e+00,1
2.000067162612999994e+01,7.005284461371120486e+00,-8.366718463970400421e+00,-3.283082953807416260e+01,-3.975729841462909775e+01,-2.350309755808108747e+00,5.836303239014287492e+00,2.817824207476781595e+01,-1.009837277619922169e+01,-1.362203663349919758e+01,1.160375404210849304e+01,-1.456393798323789746e+01,6.592482218416253481e+00,1
1.184562695766385509e+01,-1.046216506163018067e+01,-5.487812800852309714e+00,-1.002843082251989060e+01,-3.506132629369984155e+00,-6.843334971542672562e+00,-1.242191625821670975e+01,-1.120986532088058141e+01,-9.535952125339687058e+00,-9.005673102667161700e+00,-1.111294011812554672e+01,-6.267486317454042499e+00,-1.000482934976217564e+01,1
1.593811863893586178e+01,2.204082805692577640e-01,-1.711296562099003538e+01,2.366787004120471050e+00,-2.066776247671855415e+01,1.190576432213578073e+01,1.920692988298400294e+01,-3.305955099200745195e+01,-5.402225390538175631e+00,-1.834166633268776181e+01,-1.206304913716194882e+01,-5.148118783008328592e+00,-2.265073215795159811e+01,1
1.671305846856379418e+01,1.084340557529495364e+01,-3.092861547932918675e+00,-1.389521085094233044e+01,-1.310431156392784047e+01,-2.085487757434585276e+01,3.119883977202249081e+00,-2.279982337355697197e+01,-1.794638661728138018e+01,-1.924584892574132677e+00,7.316112290238267590e+00,-2.569614535553091272e+01,-7.763255581070658273e+00,1
1.656031576360150126e+01,-1.568452559464919238e+00,1.972459650271062515e+00,-2.524451004195070780e+01,-2.458481228776145500e+01,-1.286684670998167468e-01,1.927350751972143783e+01,-3.482883495413285857e+01,-9.221044488689317253e-02,-1.456967089185982900e+01,1.374566659796023949e+01,-3.363544478832898932e+01,3.124139105033266972e+00,1
1.703420356813008141e+01,3.957639834779960619e+00,-1.380625224752464675e+01,-3.438107017521095798e+01,-5.907956382622184144e+00,-1.152531682485868236e+00,-8.126133629272652703e-01,-7.037228080425194099e-01,-3.732299298894386652e+01,4.096121764136356980e+00,-9.562098193629196885e+00,-1.434714346913888150e+01,-4.558587149245408199e+00,1
1.789192077822778515e+01,1.185139788488440082e+01,-1.460123784704055261e+01,-3.447699868486547814e+01,-1.934928510435822346e+01,1.280633059561329290e+01,3.334898404506806191e+00,-2.699995165577845313e+01,-1.798946492235617001e+01,-8.772019539606837668e+00,2.193549442731724142e+00,-1.351156796174786656e+01,6.856555903841607957e+00,1
1.943770073995586500e+01,9.136188895194771176e-01,-1.588519904843265884e+01,-3.696567095540541459e+01,-2.478517372908877192e+01,3.378582206328984761e+00,2.327600084132735248e+01,8.433315271945957647e+00,-2.589770757935754730e+01,-8.794376024252141821e-01,-1.008386554282671765e+00,-7.013619656958478554e-01,-2.829919959778270311e+01,1
1.764604709455495168e+01,5.105063093891576642e+00,6.113475281294604713e-01,-1.634549707626850790e+01,-3.023092677976489995e+01,-3.351424678131706258e+01,5.127708573082480292e+00,-2.705471970809973481e+00,-1.908042260657754952e+01,2.148104844840639771e+01,-6.007657719152388331e+00,-4.104604437324601562e+00,4.350478736541566249e+00,1
1.353470395839028129e+01,5.634536711895553829e+00,-4.794348976834297282e+00,-1.136027749814044618e+01,-1.024570838462652844e+01,-1.583922399376974965e+01,-1.314946847000110219e+00,-6.209996927341467909e+00,-2.678088631632602912e+00,-5.899420491026959645e+00,8.139650400845399147e+00,-5.640429798441297216e+00,-1.445554429398633367e+01,1
1.907545439121811981e+01,1.136277760966261496e+01,-2.255318427853716656e+01,4.498831928262167490e-02,-5.239949158106900740e+01,-3.250563923825227874e+01,2.988209947462997818e+01,-8.994349578777539378e+00,-8.524075091749569566e+00,3.078289827617593843e+00,1.989997596022927473e+00,-1.314747513142255642e+01,1.294907745792002629e+00,1
1.605914483832384221e+01,-1.750543281881310698e+00,-1.839356260465742565e+01,-1.447942230521425699e+01,-2.428286775721582913e+01,4.937997840327141397e+00,5.442506166658000133e+00,-2.108538430498711591e+01,-1.171662061322956205e+01,-3.574560717194916193e-01,2.508682396873126219e+00,-3.253097308892601092e+01,-5.836187196691419388e+00,1
1.336777033868198572e+01,-1.615338857938307005e+00,-6.659594161592512052e+00,-1.943109623264739483e+01,-2.023589557338595313e+01,-2.106091977665362602e+00,-7.909744067472511020e+00,6.356157241714602613e+00,-1.638521960664799693e+01,3.806909783694556904e+00,-9.974514458385758786e+00,-1.328615560699540588e+01,-1.150185396655648518e+01,1
1.726282238699013050e+01,3.700671749843162051e+00,5.285191920451667080e+00,-4.410600643869645410e+01,-1.108055726000425700e+01,1.181144604838473100e+01,-3.189027035833623813e+01,9.330788040976445430e+00,-2.777200904887189026e+01,-7.233814495643697384e+00,-8.317922978436488535e+00,2.176875532128381252e+01,-3.315922323330394050e+01,1
2.075286788122677351e+01,3.467498008116637109e+00,-2.773064226941989929e+01,-1.585741253067054579e+01,-3.571177573401534033e+01,1.207943858737197562e+00,3.379697568593391566e+01,-2.183628313287642442e+01,-1.996960202390824501e-01,-2.065585511851412903e+01,-2.799404726665555732e+00,1.248838768506901342e+00,-1.437940765937328003e+01,1
1.945673588968960388e+01,9.485135715661909828e+00,-2.426357645271798447e+01,-7.680149721985659816e+00,-4.532575086154752597e+01,-1.850575754860188837e+01,3.730356237826803323e+01,3.183243031547891566e-01,-1.365510521220336493e+01,-5.141174476507594626e+00,2.751349530518249598e+00,-7.444262392476243662e+00,-1.062643473019867102e+01,1
1.694430562326268586e+01,1.540507275307964719e+01,-2.083035827246386162e+01,-1.858341828725470535e+01,-2.794310408676254909e+01,-7.668444894854686389e+00,9.802319681382520855e-01,-1.677924428601343942e+00,-7.728796668388453917e+00,-8.393553269761708790e+00,2.336489519223085676e+00,3.532672584299269003e-01,-7.885745748524607635e+00,1
1.071512351304584776e+01,6.082608801692867218e+00,2.771919511968632843e+00,-6.787987625569149586e+00,-1.723656206289865622e+01,-9.221141131519013712e+00,-9.807970289785458817e+00,-8.009999787791036496e+00,-8.240618306818438654e+00,-6.378245926639053209e+00,-8.870341036702326321e+00,-9.980727618326371342e+00,-1.500734965992507242e+01,1
1.838348128011243077e+01,8.211970243071412767e+00,-2.440578144788268844e+01,-1.994325370452192825e+00,-3.005066089768357429e+01,-2.448687355904426255e+01,2.502058184652180994e+00,1.184222357160317429e+00,-2.649796613999220085e+01,1.219893742889165544e+01,9.734677555687472505e+00,-1.557617972904685821e+01,-1.461931618257939292e+01,1
1.378256355094969265e+01,7.716467184628855946e+00,-1.043650045909753743e+01,-1.444289794412872219e+01,-1.414573572888532027e+01,1.527266499753099893e+01,-5.200437734858933680e+00,-2.935743782108600985e+00,-9.754176205293363822e+00,-6.580987207513927295e+00,-1.640775224048640624e+01,-3.016913180051236054e+01,3.363687272789110949e+00,1
1.102325522073573083e+01,-1.215505361063484813e+01,-1.740995180903038886e+01,-1.159172815599280248e+01,-1.275422251535689178e+01,-1.315308636499702466e+01,-1.141840164302805505e+01,-3.428532143823943557e+00,-3.000251647693113366e+00,-2.443215495825300287e+00,-8.501543888661844406e+00,-4.586582820131147820e+00,-4.285572916574111879e+00,1
1.670546919009328590e+01,5.607961212154768837e+00,-1.241986083828037302e+01,-1.092371228974891473e+01,-4.835947114633665933e+01,-3.585658202333426914e+00,1.206973352529138310e+01,-3.030778979492859015e+00,-3.012166153040438132e+01,1.121392606994391095e+01,1.580898545952349821e+01,-1.114995686944349984e+01,-1.483686592329514387e+00,1
1.383752461953101864e+01,2.884515530072591982e+00,-9.767814201433079546e+00,-6.969408678511437749e+00,-4.334255166043539553e+00,5.579098422058782702e+00,-3.196913902318244016e+00,-2.956107636436376751e+01,-8.249869019485755572e+00,3.233203078597523206e+00,-2.448624402604859807e+00,-2.813327308881468625e+01,-3.185477626461832656e+01,1
1.813846382370993382e+01,3.935259694069368042e+00,-2.313511417588427932e+01,-1.744690608628156880e+01,-2.923037145377878332e+01,2.810870025071567113e+01,-8.281033834467118382e+00,-2.678070923489449484e+01,6.021254546578644451e+00,-2.024222666019449335e+01,4.112354986154256875e-01,-1.734219900629447508e+01,-4.720187122984515149e+00,1
1.910887950750437980e+01,5.662477380507720426e+00,-3.582110660392643098e+01,-7.537738578088903907e+00,-2.603960855778968053e+01,-2.406489430480315761e+01,2.343836211993026453e+01,4.042782185300773712e+00,-1.990245318185801793e+01,-8.357602773092983606e-01,4.253190936744519313e+00,-8.298576903133476179e+00,-1.848295147284857975e+01,1
2.031999622779500925e+01,5.669615498128562692e+00,-3.831198066804552127e+01,-1.111063955466378239e+01,-3.039972207401503468e+01,2.322531514683212350e+01,1.332200908612276358e+01,-1.687529067117862880e+01,-8.558939072655514124e+00,-1.241057556186835065e+01,6.202031600736508388e-01,-2.006530141312121707e+00,-2.048245901242484379e+01,1
1.860345288206696779e+01,7.013166435343041627e+00,-3.558702968594387528e+01,-1.605825955952479589e+01,-1.800197303603913923e+01,-1.245625508071370113e+01,1.398634398701744708e+01,-9.942017364652784295e+00,-3.361806100862323010e+00,-8.791828652555898349e-02,7.999585885339150160e+00,-1.079352095765619168e+01,-2.521991593794973952e+01,1
1.943834934536278780e+01,5.081775065498955968e+00,-8.710243420034911921e+00,-3.424930547022261607e+01,-4.557260028250900064e+01,9.537447605950692520e+00,5.692039893529664774e+00,-2.817138762366678151e+00,-3.311835004186539777e+01,1.817018453883211038e+01,-2.368774825485923685e+01,3.353067694076778960e+00,-1.802699344603463416e+01,1
1.950191505732834685e+01,1.829394460062745198e+00,-1.412757833991116208e+01,-2.489858547031010261e+01,-3.195659632301339670e+01,2.000194191768728658e+01,5.896836425524758063e+00,-2.196452278369782363e+01,7.395559699160351386e+00,-1.613248654022515893e+01,-6.246925865552329427e+00,-1.003774714429729542e+01,-1.230848949800992642e+01,1
1.912451203580317483e+01,-1.298813034945420331e+00,-1.747029206449261451e+01,-8.847021350743750290e+00,-1.933062757487641647e+01,-1.714367003930121669e+01,6.030543083758979073e+00,-2.674292129677546015e+01,-2.063558762552476367e+01,2.017983302722432271e+01,-1.622009837695088308e+01,-1.977950246180582283e+01,-1.870412607423319784e+01,1
1.520460640153721066e+01,-2.949716405853984647e+00,-9.226541401710354862e+00,-2.767753426857170140e+01,-2.477610250931776292e+01,1.068029056104560226e+01,-1.054428100063673135e+01,-4.299186649137402227e+00,-1.244311464019804347e+01,8.475851588169877715e+00,-4.676818764410395346e+00,2.451684389426072919e+00,-1.432835386218458851e+01,1
1.536515272357282491e+01,-2.940868068978468308e-01,2.317942659666599958e+00,-2.281690989793072788e+01,-2.864625733496546545e+01,1.671894061149269861e+00,3.221050423609544411e-01,-2.239148762635867840e+01,-8.853522069386784210e+00,-2.117192961766363624e+01,2.569969820131331772e+01,-7.637187396111753124e+00,-1.299722046936153141e+01,1
1.688512937730322960e+01,6.670950103969185641e+00,-1.633753898252167502e+01,-5.859785030121605232e+00,-2.948724790608936885e+01,2.825417799026049792e+01,1.013975500681249642e+01,-2.769595911775600428e+01,-2.288815323526833723e+01,-6.569436619220621054e+00,-2.942796082122263002e+01,-5.020886359962424272e+00,1.353336040308797283e+00,1
1.837994821086101283e+01,7.233432110705469320e+00,-2.014117984813325535e+01,-2.729376514533652553e+01,-1.767002689543543070e+01,-6.526487719183557523e+00,2.237029992208397999e+01,2.354992594176796850e+00,-3.059088849608372129e+01,5.046906043756620441e+00,-1.762675894346586603e+01,-9.539704615647350394e+00,-1.932709066044400004e+01,1
1.575350243969854169e+01,7.720915266007290612e+00,-7.359796760889559586e+00,-2.490703304271983498e+01,-1.801693158621941748e+01,1.677388246104970548e+01,-1.245274680369456632e+01,9.767401359408477646e+00,-1.922397462708812910e+01,-6.382415199243268944e+00,7.849610900360267429e+00,-1.595677219133583513e+01,-3.796348232371133502e+00,1
1.210629173476987752e+01,-2.531372845097784374e+00,-9.394439506340809487e+00,-4.592867179153355295e+00,-8.472624549208257250e+00,1.154035640380444372e+00,5.366671510373754117e+00,-1.853095432773762496e+01,-1.772136352505357237e+01,-5.218644192169822560e+00,-1.483414624680759353e+01,-1.720345265295775805e+00,-8.715970482694693544e+00,1
1.673354175983211078e+01,-4.758115631330529283e+00,-1.587444659860428153e+01,-1.875464131600550743e+01,-1.901238699389908149e+01,8.573338277878916003e+00,-2.213095198903221927e+00,-4.310663293597015056e+00,-1.011963101460404424e+01,-2.269802770097828493e+00,9.073896791125317662e+00,-1.441248108404700190e+01,-1.439303841286661445e+01,1
1.542787429810003275e+01,2.841101043865569942e+00,-2.880759540538464503e-01,-2.307384125337164349e+01,-2.138845243469376101e+01,-6.708407318274842268e+00,-6.951994538328834849e+00,-4.252925634116450304e+00,-1.630643323172331094e+01,-1.964247964505526056e+01,8.538343279040320866e+00,-4.085327487411028358e+00,-1.126089714049847679e+01,1
1.746262162751940039e+01,1.210827587719833076e+01,-2.103117286292172317e+00,-2.304975799355866428e+01,-2.273218673315363603e+01,-8.115642522572386497e+00,2.291856296874341936e+01,-1.342735005511525870e+01,-2.459503905470575802e+01,-1.026234670956698913e+01,1.611393778411655431e+00,2.412568865146189623e-01,-1.824690305371165877e+01,1
1.640606849068270279e+01,1.106063641147538590e+01,-1.645762573005647056e+01,-1.901074594508750337e+01,-2.634700486468726055e+01,5.913593717118994064e+00,-1.959749098075531393e+01,-3.942618124479987163e+00,-1.310198587329517395e+01,3.424552356976117817e+00,-1.461271974024945841e+01,-1.718245003417824535e+01,1.411695080996104634e+00,1
1.932546759220400645e+01,9.871091939118816327e+00,-4.008700652725437408e+00,-1.749121369887365063e+01,-4.726784389713968437e+01,-2.126206687410317997e+01,1.639849056235174629e+01,5.154346000206560419e+00,-1.850445988085322924e+01,2.072357006136634183e+01,-4.881948642483661338e+00,8.143557803541526141e+00,-1.906662944548495275e+01,1
1.114144382159208213e+01,-3.794104738338297533e+00,-2.634368663643694486e+00,-1.003972014884678465e+01,-1.051332611668043171e+01,-7.719512229794816882e+00,-1.416638812869824982e+01,-7.888638244674024413e+00,-9.269301344326818182e+00,-7.172327006441345354e+00,-1.485975827878177746e+01,-1.297699934084709739e+01,-1.113066805941391202e+01,1
2.110576144205931115e+01,-4.423575407655644831e+00,-1.379687876696839055e+01,-3.250830614878894664e+01,-2.713752816512014832e+01,1.451502378831364481e+01,-1.009936499035447577e+00,2.839922296889612952e+00,-5.043313342308124447e+00,-9.585758458679869420e+00,7.981115690486776160e+00,-1.757224757867300013e+01,4.864410714496161248e+00,1
1.828086384915682672e+01,-1.996921867749214263e-01,-1.542372511958109094e+01,-3.312634215922681591e+01,-8.786489550206010080e+00,-1.418353068742824696e+01,1.397219981599805116e+01,-2.257322981845766918e+01,1.917027817220597896e+01,-1.485760022229620070e+01,-8.925531168737926180e+00,-1.001270102439232446e+01,-2.356612926086800996e+01,1
1.639069673090286017e+01,-1.762004889646305195e+00,-2.132858347723900749e+01,-7.781180503804921322e+00,-1.781641514542097937e+01,-1.732254854290240065e+00,-3.369563650523163534e-02,-1.599682702973646187e+01,-1.624220179340481351e+01,6.990160783102528974e+00,-2.978045191098689592e+00,-1.665660252062123803e+01,-1.114788364904043227e+01,1
1.975648234196396658e+01,2.966632011488486764e+00,-2.519249641601660983e+01,-2.318745380389059818e+01,-1.891227420332424458e+01,9.447431944146662985e+00,-2.860259612416141684e-01,2.314702438800376516e+00,-2.025350959047144528e+01,-4.070960233868696321e+00,-1.383812805748622976e+00,-9.733767042647908596e+00,-1.884112918393532965e+01,1
2.177845053978108325e+01,-1.228149843274140274e+01,-1.249326840342623512e+01,-1.130050702195503654e+01,-3.915787693882720077e+01,-1.952434895344700827e+00,-7.785638077868744844e+00,-1.054887196450000708e+01,-5.997699674040648965e+00,1.209288073626116855e+01,3.790233811049868962e+01,-2.940828916500023382e+01,-9.145178202690654956e+00,1
1.614482381332132022e+01,-8.841792387522815488e-01,-7.294674652644994595e+00,-2.286302741455300236e+01,-1.197602981891770035e+01,5.358913843001288591e+00,-9.871154104584688227e+00,-1.301350444496138792e+01,-2.278436326946357582e+01,6.785974987006410331e+00,-1.559933755780021514e+01,-6.360830190136587348e+00,-3.727714863307983517e+00,1
1.587833918402528610e+01,-7.926672211022756098e-01,-4.256006770992953214e+00,-2.538399389812654761e+01,-3.336469866296996400e+01,-4.783769060875866508e+00,-1.481109442570032364e+01,1.869532099467118291e+00,-7.714417324596021253e+00,1.624670494705436852e+01,-6.814356084997448271e+00,7.757177995607313470e+00,-2.167922768727096994e+01,1
1.547291632882067169e+01,-4.234333657570544140e+00,3.825815999413599844e+00,-3.486508280949177419e+01,5.725494021766320829e-01,-2.542158331813165972e+01,2.850701156919866808e+00,8.607309245940891529e+00,-9.859486893000225294e+00,3.173562393892463085e+00,-5.438641110298642722e+00,-2.551531508189925024e+00,-1.784504172737393546e+01,1
1.891735661133701285e+01,2.077796940240953294e+00,-1.383727104411630826e+01,-7.260369118249526466e+00,-3.418977797119511308e+01,-7.241196699081656973e+00,1.716335005534425306e+01,-2.177084488098823201e+01,-1.988334735705538847e+01,3.953058754996718882e+00,3.685339203090362670e+00,-2.828952177217826380e-02,-1.457615156674036960e+01,1
1.872814755219374661e+01,8.239432390788627103e+00,-2.641411718731409763e+01,-2.508233091382231450e+01,-7.307487764562795363e+00,-5.492638679196551799e+00,2.695499989315083056e+00,-8.052759590423786307e+00,-1.436956896074780943e+01,6.213924741727867129e+00,-1.341896719939236426e+01,-2.304365585066351585e+01,-1.178658519966376694e+01,1
1.805646830390302782e+01,-3.410717141929346941e+00,-3.764449832189225464e+00,-3.817830316010257263e+01,-1.194154153677276575e+01,6.460309327060190787e-01,9.243764768260726683e+00,1.110792823055256173e+00,-7.395449141869929299e+00,-2.647286655979677050e+01,-2.218402066839065157e+00,-3.721552476360490136e-02,-1.583889899136073787e+01,1
1.709675209277958174e+01,7.368178413154521600e+00,-1.508460790407514196e+01,-1.529060537433429801e+01,-4.207285134898204859e+01,2.554078137913233792e+00,2.304541370640292541e+01,-9.752993593615986612e+00,1.285220879396957061e+00,-2.100991829319219306e+01,3.866990772677120769e-01,-1.702242596391826268e+01,-1.266754359490274950e+01,1
1.317799331349383074e+01,6.731600451406341001e+00,1.066639743472597601e+00,-7.696798798765639660e+00,-1.333804810217578662e+01,3.975070067554187236e+00,1.015542127605189826e+01,-8.992134560206315186e+00,-2.444490090408897487e+01,-4.056214513029533286e+00,-8.652910533685910011e+00,-1.867766363750165581e+01,-6.420473867378988508e+00,1
1.087753437240319876e+01,-1.578978863273775524e+01,-4.109324037844250377e+00,-1.348703169433764515e+01,-1.090821538600437357e+01,-9.067757093911154698e+00,-9.876557121722527199e+00,-7.621427897749449620e+00,-7.469776923693669524e+00,-4.106144624445946967e+00,-1.814419885501448393e+00,4.970379931621216052e-01,-1.535301665951625205e+00,1
1.589142879750876958e+01,2.306978540228772800e+00,1.745035013685939176e-02,-1.859088227988115349e+01,-4.839941750171828261e+00,-1.997146695427827190e+00,-1.273688792935978309e-01,-6.978689080703193603e+00,-3.058286160802291320e+01,2.398119020734853279e+00,-1.651735513669344257e+01,-1.462521085493550110e+01,-2.475975851360616886e+01,1
1.873801123472999208e+01,6.937780133294175755e+00,-1.017153172238760206e+01,-8.723610709689362253e+00,-3.794799990152038305e+01,-1.458587420782164656e+01,1.335343763975777875e+01,-1.207421840528629176e+01,2.694658571548571580e+00,-8.927988307930805334e+00,-1.076270919250737457e+01,-1.266828843229572898e+00,-7.554407136798197975e+00,1
1.831518057966812663e+01,-3.601380877346995302e+00,-4.818293641030775731e+00,-1.166492348448660188e+01,-4.870522489822811707e+01,6.496949793139820128e-01,2.077706858526148448e+00,-6.157545335755742144e+00,-2.964089691738846355e+01,9.401172495704958720e+00,1.687299324275883450e+01,-1.154896687734886207e+01,-1.469561996316645747e+01,1
1.769234219510763495e+01,8.397523666764604044e+00,-5.834740566753580104e+00,-6.215707929029133716e+00,-3.776552293841673702e+01,-2.399618200332096407e+01,2.541771615231233383e+01,-2.756776990825891005e+01,4.746591446628840139e+00,-7.033721749341631302e+00,-1.360311610834868823e+01,2.038723445205862017e+00,-1.101342121777240735e+01,1
2.178144873739349663e+01,8.859034196283493978e-01,-3.117053383557042778e+01,-2.754336386334841436e+01,-1.227819825452203162e+01,1.536228371643425916e+01,4.355768898001126210e+00,-1.572420657040646397e+01,3.913772904050444090e+00,-1.147528975896315551e+01,-1.300416049128347140e+01,-6.976223745192742243e+00,7.389167690700851887e-01,1
1.879587685703435795e+01,7.872264234489493084e+00,-8.614020243430207557e+00,-2.887637142797265000e+01,-2.560576429913882279e+01,-2.751540245362056680e+01,2.322557049749957869e+01,7.880489927059035615e+00,-2.213518006515955250e+01,-1.136583734084280017e+01,1.114603113906445309e+01,-1.337755320662056135e+01,-7.587038212188997655e+00,1
2.021658684661605321e+01,2.092615465163659927e+00,-9.294346482784774821e+00,-2.709836052785379934e+01,-4.436521964517674377e+01,1.473378733079521119e+01,1.858495998698672835e+01,-1.054746882601179969e+01,-7.304529501402464930e+00,-5.839053631408723355e+00,-3.095508664586186676e+00,7.324243984876476432e+00,-1.657036278353801606e+01,1
1.636745397752741837e+01,4.627739781101041672e+00,-2.088964962349911048e+01,-9.067653456231651532e+00,-5.146286993522674713e+00,9.052209365276556952e+00,-8.453543641137587272e+00,-2.721251564815183244e+01,-7.072981042811798069e+00,-6.996681172299533458e+00,-6.802061769320755409e-03,-4.412700022208049688e+01,-9.894775144793754862e+00,1
1.718538363638973010e+01,4.697341301644468281e+00,-1.246818525322316340e+01,-2.803477754872979943e+01,-9.191893902634481250e+00,1.231889037319845137e+01,1.184082958328332502e+01,-2.540749732270718653e+01,-2.801153209813659117e+01,4.295756283926163710e-01,-2.519220784903151511e+01,-7.155155222964844519e+00,-3.532877938800064843e+00,1
2.027775001753168738e+01,-3.320680122192496420e+00,-3.078003458424563377e+01,-1.232128507799530404e+01,-1.600215310575371674e+01,1.303073577120239968e+01,5.033344621309145950e+00,-8.420042461460234051e+00,5.294146713273623739e+00,-2.153333511836694925e+01,-1.656634015575759733e+01,-1.994347998071021877e+01,2.232311442128630929e+01,1
1.816463201151346851e+01,3.760146289546382636e+00,-2.043107873203036462e+01,-2.482054852243664911e+01,-1.200636766049073856e+01,9.298515458756472896e+00,5.543844263267732053e+00,-2.680417673092393471e+01,-1.445016295662447625e+01,-1.885443219248458746e+01,1.263067888904291891e+01,-1.307012901204229571e+01,-2.702147188950598355e+00,1
2.013669727302218249e+01,-7.901511003982777392e-01,-2.942283345496161218e+01,-2.141186538536549477e+01,-2.165963160877246096e+01,5.467932995755556469e+00,1.697253678343437500e+01,-1.972584198013407430e+01,4.658226820525667833e+00,-5.175359118754004228e+00,-2.381283599912789484e+00,-2.054518467895115208e+01,-7.099690282111034811e+00,1
1.558703513327346002e+01,4.966103500550626215e+00,-1.153840164099905152e+01,-2.188567193791095988e+01,-1.842619117129727968e+01,3.831697741977957428e+00,-4.601304409195723366e+00,-2.904625329402094280e+00,-2.618267740431976165e+01,-2.007466068742483234e+00,5.543842128207169928e+00,-2.191682184294949920e+01,-4.199483740531511522e+00,1
1.428479134279685425e+01,1.685776916697078465e-01,-4.422228295907878248e+00,-8.996050006795572429e+00,-2.425299243807754479e+01,-5.921452602637418128e-01,-1.154998159926442902e+01,-8.769000553278390342e+00,-1.539492909974175383e+01,-2.594307359071597574e+01,1.037452778161908640e+01,-1.180145965595035484e+01,-1.413406734476859050e+01,1
1.417185241400281370e+01,-1.732761804190981580e+00,9.508855178041751843e-01,-1.713422819765537852e+01,-8.728848835827369257e+00,-6.755767035037033574e-01,3.004020054371434156e+00,-1.970207152080758917e+01,-8.423486970127726237e-02,9.433170961155267209e-01,6.211740938908887344e+00,-2.769620634307351636e+01,-3.865761032853986023e+01,1
1.874513933970689905e+01,1.484661883097518853e+01,-1.173303072993322793e+01,-2.883098003546420784e+01,-3.869643169622688816e+01,-1.348683406923786166e+01,1.005931969528747238e+01,1.158535964795459527e+01,-6.044074975742348421e+00,-3.706136908612803118e-03,-2.139169299757498699e+00,-1.133068440188520398e+01,2.287991526635388961e+00,1
1.951493894377914984e+01,-1.056369894279315425e+01,-1.450964661380806220e+01,-3.028593888480687824e+01,-2.675366380614702067e+01,1.536907948864194395e+01,1.124274035661579063e+01,3.391957980865693667e+00,-3.923267950744051547e+01,1.698521234601934182e+01,-9.733140348369735406e+00,-1.022193944977535551e+01,-1.275615188096479358e+01,1
1.763242695900301982e+01,1.024760968652372206e+01,-1.197927167568806972e+01,-8.419845201333060913e+00,-3.376698202629583534e+01,-1.835928122390479800e+01,-6.505790405119852515e+00,-6.108902884013268419e+00,1.808897415090098448e+01,-2.643104509771205102e+01,-1.825567741754311024e+00,-1.713842261336717598e+01,-8.631713575410499217e+00,1
1.904067654671205645e+01,-4.190909271695310245e+00,8.215810900381496751e+00,-5.513491961383440554e+01,-3.231586180721750523e+00,6.777463502869991885e+00,3.166079736714486170e+00,-1.083033003868516753e+00,-3.136821705249484182e+01,1.418296586872397924e+01,-2.666784504544686030e+01,-1.575717343655626124e+01,-5.458872507959589448e+00,1
1.724959716354373640e+01,-1.352415862320551021e+01,-4.726282313843529259e+00,-3.404157140111576041e+01,-2.235268139036151069e+01,2.602919973872829118e+01,4.749007113127313495e+00,1.350211280337201103e+01,-2.826280495440328622e+01,2.776735703420763812e+00,2.356925100243835836e+00,-1.703438431424779154e+01,-1.943769209505550677e+01,1
1.629095265736408749e+01,6.832829899916045058e+00,-1.872223907512857011e+01,-2.257052233859040058e+01,-1.395540738291752980e+01,-1.390782761249969823e+01,9.650544452006212026e+00,-2.313443964104968487e+01,-2.279711780456121062e+01,2.601101626895312080e+01,5.035380478594825959e+00,-1.813820006268953833e+01,-1.230093936228428220e+01,1
1.748126154038734370e+01,2.364889801811009273e-01,-1.112231423836286304e+01,-2.077263692396837769e+01,-6.580463333676358495e+00,3.978250259941833900e+00,6.010169896125416855e+00,-3.076607978138130406e+01,-7.313093170465903015e+00,-5.887390755207591475e+00,-1.999745279948899679e+01,-2.388425876206324006e+01,-1.790100800817861770e-01,1
1.754435588361364751e+01,5.183170278326342029e+00,-6.015611751528616935e+00,-1.464733026959778428e+01,-3.733945703398614313e+01,4.759100166489783845e+00,1.710391753916410096e+01,-2.417664507992434508e+01,-9.695126399270536766e+00,-3.612534125669285778e+00,1.043829499961203666e+00,-2.491250872450953224e+01,-1.920561817238027302e+01,1
1.911906346622385655e+01,2.093074333279042776e+01,-1.922489585923321087e+01,-2.747458268829373651e+01,-3.114791895608137295e+01,-1.634160017960931199e+01,2.519652080296676289e+01,5.692511034665069580e+00,-1.786397087327935651e+01,9.560500654270089882e+00,4.420635018918062542e+00,-1.371685681366970577e+01,-1.164402892282646285e+01,1
1.969679703559234696e+01,2.647009320688852085e+00,-1.778794979995140935e+01,-2.803950184884293861e+01,-2.110056106050657121e+01,-3.448308192194785704e+01,3.061028076872985082e+01,-9.128889155904049701e+00,-2.744723839572870361e+01,1.574129009031036253e+00,7.422584596836702353e+00,-3.664543109258946885e+00,3.068897825555139569e+00,1
1.687656683632643606e+01,1.116840285080698436e+01,-2.464897626135814868e+00,-1.077882304287343018e+01,-3.701038925774442134e+01,5.068682126376510055e+00,1.418147698606497364e+01,-2.278770195186237046e+01,5.095338481612073922e-01,-1.183878120107093324e+01,-5.414994515360194605e+00,-1.747943668293812891e+01,-9.700005581631859997e+00,1
1.540286039598438705e+01,-7.619328161529605126e+00,-6.623652628855830393e+00,-1.570133730114805459e+01,-2.641117313642019937e+01,-1.285091960813649514e+01,1.127465680196918107e+01,2.642304142851241711e+00,-2.522749424783704342e+01,7.350202104902607836e+00,-1.805118547532554274e+01,6.365266721276743311e+00,-7.365305263206146869e+00,1
1.742483933349738834e+01,-8.953479669636321248e+00,-2.685808693075429687e+01,-1.763317452577492972e+01,-9.735762086657739900e+00,1.033625427008915310e+01,2.548182364173610992e+00,2.626805345970238958e-01,-2.264814482815617325e+01,-9.150722008854895506e+00,3.483271808801876812e+00,-1.187304349575735607e+01,-3.336374337263399159e+00,1
1.480651008528721491e+01,-1.018785428756448752e+01,-7.083126844800412547e-01,-5.895106391051206707e+00,-1.930588164912834159e+01,-5.390382263523941120e+00,-6.829392828699019091e+00,-1.570247513769480108e+01,-1.719450671110047324e+01,-7.336239203194149239e-01,2.665759124359896592e-01,-6.162024781360880610e+00,-1.832559238018411207e+01,1
